-1.051462069153785706e-01
4.904662258923053741e-03
-6.454578042030334473e-02
-9.314434230327606201e-02
3.023640252649784088e-02
-1.370691359043121338e-01
7.025926560163497925e-02
1.083876043558120728e-01
-6.463684141635894775e-02
1.397128850221633911e-01
-1.195625215768814087e-01
-1.498817652463912964e-01
8.982589840888977051e-02
-2.848932705819606781e-02
2.536092326045036316e-02
1.031686589121818542e-01
1.402468606829643250e-02
-5.685869604349136353e-02
-1.377052813768386841e-01
7.818961888551712036e-02
-1.200706660747528076e-01
1.381389051675796509e-02
1.342376619577407837e-01
-9.322778135538101196e-02
-8.071951568126678467e-02
1.121386885643005371e-01
4.562376812100410461e-02
-1.337460428476333618e-01
1.284442842006683350e-01
-9.592808037996292114e-02
7.606081664562225342e-02
-4.494398087263107300e-02
1.356234252452850342e-01
-2.525477297604084015e-02
-1.222603842616081238e-01
-6.869240850210189819e-02
-9.297049790620803833e-02
-8.928050845861434937e-02
-1.485385298728942871e-01
-3.469861671328544617e-02
