-8.911035954952239990e-02
-2.171103805303573608e-01
4.937879368662834167e-02
-1.794827878475189209e-01
1.235526129603385925e-01
1.935997158288955688e-01
-2.093479782342910767e-02
3.213134035468101501e-02
1.286381781101226807e-01
5.441028252243995667e-02
1.794201731681823730e-01
-1.165173649787902832e-01
4.892872273921966553e-02
-1.328112483024597168e-01
1.904338151216506958e-01
1.697099059820175171e-01
-1.180649697780609131e-01
-4.982183873653411865e-02
-4.694275557994842529e-03
1.427145302295684814e-01
