8.434612303972244263e-02
-1.047317162156105042e-01
-9.881503134965896606e-02
9.658557176589965820e-02
-1.760221719741821289e-01
-1.072911322116851807e-01
-4.727496206760406494e-02
1.794174015522003174e-01
-4.947878420352935791e-02
1.111558675765991211e-01
-1.291038841009140015e-01
-1.274542361497879028e-01
3.216447308659553528e-02
-5.978422611951828003e-02
-1.232997402548789978e-01
-2.081615626811981201e-01
8.973886072635650635e-02
-3.634083643555641174e-02
2.676559798419475555e-02
-3.657538443803787231e-02
1.068884357810020447e-01
-1.456238031387329102e-01
-1.001715660095214844e-01
1.507218647748231888e-02
1.945067644119262695e-01
1.976847201585769653e-01
6.623924244195222855e-03
-8.551751822233200073e-02
-6.072074174880981445e-02
5.752676725387573242e-02
-1.434218883514404297e-01
1.474452018737792969e-01
-3.850419074296951294e-02
-8.912748098373413086e-02
-1.537149101495742798e-01
3.997477889060974121e-02
1.176863536238670349e-01
-1.273374855518341064e-01
-1.304152160882949829e-01
6.146979704499244690e-02
