-5.937198996543884277e-01
-6.829398274421691895e-01
-1.471436768770217896e-01
1.560059785842895508e-01
5.469686537981033325e-02
-4.638622701168060303e-01
1.439340263605117798e-01
-2.425930947065353394e-01
4.109985828399658203e-01
5.406558513641357422e-03
-3.451201319694519043e-01
-8.833451867103576660e-01
-3.768573999404907227e-01
-1.529255229979753494e-02
1.119062900543212891e-01
-1.017349660396575928e-01
-3.720555007457733154e-01
-1.506461352109909058e-01
3.533570170402526855e-01
-7.303630113601684570e-01
