-1.065635561943054199e+00
1.051198601722717285e+00
1.556556969881057739e-01
-3.277315795421600342e-01
8.777657151222229004e-01
-3.629664778709411621e-01
-1.707811951637268066e-01
7.877221107482910156e-01
1.217144504189491272e-01
-4.056920111179351807e-01
-1.458260715007781982e-01
7.839781045913696289e-01
-1.120934009552001953e+00
6.151269003748893738e-02
1.441654842346906662e-02
6.226325631141662598e-01
1.110869526863098145e+00
-2.198690176010131836e-01
-7.890323400497436523e-01
-9.267914295196533203e-01
-3.474325314164161682e-02
-1.027098298072814941e+00
-8.841774612665176392e-02
-4.757158458232879639e-02
-1.060522794723510742e+00
2.706128358840942383e-01
9.943394064903259277e-01
-5.625588893890380859e-01
1.114633560180664062e+00
-1.235529541969299316e+00
-8.516207933425903320e-01
-2.523887455463409424e-01
-1.049415230751037598e+00
6.748088449239730835e-02
-1.913013905286788940e-01
-1.101967215538024902e+00
8.630920052528381348e-01
3.327578902244567871e-01
-9.843071103096008301e-01
-2.793880403041839600e-01
