-1.570078879594802856e-01
4.656146094202995300e-02
6.949322414584457874e-04
4.926219116896390915e-03
-1.117269024252891541e-01
2.657571248710155487e-02
-1.619268395006656647e-02
7.279808074235916138e-02
-3.171036392450332642e-02
-1.416193097829818726e-01
-2.034882158041000366e-01
6.839809566736221313e-02
3.393687680363655090e-02
1.009510830044746399e-01
-8.626068383455276489e-02
8.011466264724731445e-02
1.215885952115058899e-01
1.468667238950729370e-01
-8.409336209297180176e-02
-1.373626142740249634e-01
