1.033778414130210876e-01
4.181799292564392090e-02
4.601551592350006104e-02
-2.817144431173801422e-02
1.079532280564308167e-01
-1.265605539083480835e-01
1.595330834388732910e-01
1.434690356254577637e-01
-1.809212565422058105e-02
-1.993644088506698608e-01
-6.784369051456451416e-02
-1.039881166070699692e-02
1.254744380712509155e-01
-5.481288209557533264e-02
1.611245870590209961e-01
1.239109039306640625e-01
-1.279948931187391281e-02
1.931308805942535400e-01
-1.034132391214370728e-01
1.915901452302932739e-01
-1.954956352710723877e-01
4.369375109672546387e-02
9.083972871303558350e-02
7.407851982861757278e-03
-1.928227767348289490e-02
1.933905184268951416e-01
-7.160536199808120728e-02
-1.791275441646575928e-01
1.827629804611206055e-01
-1.149798557162284851e-01
4.428506270051002502e-02
-1.668055355548858643e-01
-8.305387943983078003e-02
-4.509795457124710083e-02
1.538987010717391968e-01
1.601192057132720947e-01
5.832741782069206238e-02
-7.543986290693283081e-02
1.861646920442581177e-01
-6.391596794128417969e-02
