-1.789881362128653564e-02,-2.589233407826395705e+01,-1.656414886575657874e+01
-3.339613429337623529e+02,2.808980512797497795e+02,3.217457396028330550e+02
-3.931305004316800478e+01,2.643133957052486949e+01,3.676751466642599553e+01
-2.842250983370468020e+01,-4.693078767518454697e+01,2.637100428991948320e+01
-9.422999172729905695e+02,5.311521079326921608e+02,9.091190924464608543e+02
-1.785794352111406624e+01,-1.707499709760304540e+01,1.699127358880286920e+01
3.299039388308301568e+00,-1.126672959732240997e+01,-8.452075116190826520e+00
4.847519854240817949e+01,4.761443719059752766e+01,-4.639977919660304906e+01
7.462950447900220752e+01,6.689419946214184165e+01,-7.189748138478989858e+01
-1.495642657864664216e+00,2.980883112549781799e+01,1.992394647200126201e+01
-6.190807945411506807e+01,-2.761433182466134895e+00,6.134364140732213855e+01
2.094259525713277981e+01,3.216210793028585613e+01,-1.582113661090261303e+00
8.415437802679753077e+01,-7.068488418034394272e+01,-8.093489213002612814e+01
8.539802149101888062e+00,-3.671568134450353682e+00,-6.133348492090590298e+00
4.221623233324021385e+01,-3.204361740936292335e+01,-4.019099899812135845e+01
-3.763024707422709980e+01,3.601842878124443814e+01,3.644571187580004334e+01
-3.193068083899561316e+00,2.650010107026901096e-01,6.402337386778526707e+00
-1.201253116557592875e+03,1.043944199366713292e+03,1.153315842538373545e+03
-1.876202760710475559e+03,1.313038133040550747e+03,1.810365026686456986e+03
3.881837911850307137e+02,7.512772862793644890e+01,-3.764353724620596040e+02
1.842056019022129476e+01,2.844377202837495133e+01,-1.272701749963744078e+00
1.185594609507323185e+03,-9.342433322013166617e+02,-1.142123999157920480e+03
-1.782689090555621078e+03,1.308009928366605891e+03,1.718453090947645251e+03
-1.691086497041396797e+00,2.030295015400042757e+00,5.321620246013480937e+00
-6.137939651380293071e-01,3.135663806257070974e+00,4.377687087147933198e+00
-5.850159823987041818e+01,5.470293524705630261e+01,5.633791418001055717e+01
-2.010006261266535148e+02,-1.700641772057424532e+02,1.940088118015878536e+02
-2.932956754504775745e+02,2.155989434451912530e+02,2.835083330959314480e+02
-1.650414077152905520e+03,-1.012608886797141167e+03,1.592923243956947772e+03
-3.280936473082037992e+02,2.819777127583438414e+02,3.159130213386379182e+02
1.318542488210368901e+00,-2.290335193218197674e+00,-4.085395198289916152e+00
1.765888348048902117e+02,-1.133677340375797939e+02,-1.711371640816214494e+02
-1.998135658232058631e-01,-1.486411978519754484e+01,-9.192125367786502466e+00
-1.073649678857145773e+01,1.843637124984525144e+00,6.713825918617658317e+00
1.391802833644971543e+03,-8.778555304199835518e+02,-1.347038280967157334e+03
6.693635249661747366e+01,8.576247170121496310e+01,-6.325967720104199543e+01
1.111958996634639334e+03,5.658507568417844595e+02,-1.078995177336772031e+03
-3.933685565710766241e+02,-2.200875900259125046e+02,3.781941315825679339e+02
1.996948292488013976e+00,-8.687450698926113546e+00,-6.498495238251052797e+00
-2.915740036232364218e+00,-3.810242415580432862e+00,2.083539442624896765e+00
-4.581849625992617803e+00,-5.426042756298556924e-01,1.714434262801660225e+00
-3.125905391724663787e+02,3.732776725349249318e+02,2.972190287858247757e+02
7.012263212481630035e+02,2.245449203917232808e+02,-6.783873155308829155e+02
3.540274108108951623e+01,-2.770452044220292009e+01,-3.329163862025598064e+01
1.570810874970629811e+01,1.160215787217020988e+01,-1.639260770880355267e+01
-1.526197740568022709e+00,2.889911794697400182e+01,1.935652063705492765e+01
-7.253799501869070809e+02,3.910884648139472120e+01,7.003715151755459374e+02
-1.809412885364145041e+01,-7.458107464597560465e+00,1.876383033603997319e+01
-1.366004991100635380e+01,-2.215622465717024170e+01,-1.850677554502908606e-01
4.304269675776595250e-01,3.951194557524286211e+01,2.505069494363851845e+01
1.783121866616420448e+01,4.709194534726702841e+01,-1.575354571400202985e+01
3.062390145880635828e+01,2.766287609311984852e+01,-2.957188035174112883e+01
9.714947372719179839e+02,3.716228253371955361e+02,-9.388671769497741479e+02
4.402766931121004745e+01,4.419265297269157600e+01,-4.207255694369860066e+01
-9.735560362132673617e-01,3.985882597602903843e+01,2.608658863732125610e+01
-3.264196275624271948e+00,8.896012178855016828e+00,6.843748877523466945e+00
-8.658135362144093961e+00,-1.449859580077463761e+01,-5.451847576987347566e-01
2.871070850116666406e+01,4.261666470428463072e+01,-3.396060717779619154e+00
-1.642220497075642925e+03,-1.045218831308779045e+03,1.584087423104057962e+03
-9.964973825907654827e+02,7.062950733589823358e+02,9.631449570805998519e+02
-9.598061618853535037e-01,4.002223699202295393e+01,2.618373841897118837e+01
-5.885445637395605445e+00,-1.077565788011997938e+01,-1.525380980197951430e+00
3.565377860300941393e+00,3.628845215076580644e+00,-2.009712015451441403e+00
-2.604849329125572694e+02,2.254979859911400126e+02,2.498438696013763547e+02
3.927240940206393134e+02,-4.172661901620449498e+01,-3.838451882832450792e+02
-5.004997631767764688e+00,-8.460903752478770912e+00,4.559827492630574852e-02
7.160873952974725398e+00,3.473854449053760618e+00,-1.646737134084105492e+00
4.418052018381422386e+01,-1.782924225157330511e+01,-4.491257036256956781e+01
8.018661013343371451e+02,5.966190462339800433e+02,-7.750758423240822594e+02
-8.619454966655757744e+02,4.291008154918963555e+02,8.326196370323305018e+02
-6.345433145068864178e+01,3.719594497850630432e+01,6.057607098703738302e+01
-6.905708498484455049e+01,-2.527402125742082717e+01,6.814078416363645374e+01
-6.330707659828476608e+00,-9.766798639320768416e+00,5.364376668545446591e+00
6.434553193510510027e+00,9.756348709575831890e+00,-1.204414062667638063e+00
2.098404336665291339e+03,1.471752996838898980e+03,-2.023920477581610612e+03
2.861563643547124229e+02,9.291766111351898871e+01,-2.756541276817151811e+02
-1.147975007002378334e+01,2.772673981497064233e+00,1.019380095123779029e+01
-3.653562607360072434e+00,-2.659135074238292873e+00,4.207305427968094591e+00
-3.855878373072300747e+00,9.810155349026899785e+00,7.951178789808182046e+00
-5.467388376768212765e+00,-7.114397152035962790e+00,1.855821434659446822e+00
2.099879585334390868e+03,1.510161955667776056e+03,-2.024198794664494926e+03
4.988970455154776573e+01,3.271743384498404339e+01,-4.925275188577870722e+01
3.145699236635118723e+01,1.638362313073594123e+01,-3.142706362563694711e+01
1.257797990576364100e+00,9.672107473132200539e+00,3.591459062590729445e-03
6.583792056771926582e+00,9.333378389012068510e+00,-2.050813867463148199e+00
-1.242211586015844659e+03,5.861182471730717225e+02,1.206368749216664582e+03
-1.650375970325985691e+03,-1.033892664845872787e+03,1.592364235848306635e+03
1.251430379040539265e+01,2.454392900108359754e-01,-1.305404828751125024e+01
1.045610266999574378e+01,-1.468531638721469790e+01,-1.119469069666206451e+01
-2.853620691919622914e+02,2.206363693862367654e+02,2.754876317884773016e+02
-3.196935017185751349e-01,3.070397976262029260e+01,1.941359555657254532e+01
8.918717576772178290e+02,-2.847513758872228209e+02,-8.614269064199470449e+02
1.623266444490982394e+02,-9.831414025665435474e+01,-1.574875669702887535e+02
1.616784672281646635e+03,9.692291530433722073e+02,-1.564360955921511049e+03
1.464231048089504839e+01,3.428447737343958579e+00,-1.406075479014543816e+01
1.412418030220753280e+03,7.351389989782328485e+02,-1.361954015186507604e+03
1.407151416728993354e+00,-1.388800436080782674e+01,-9.272451470518717542e+00
2.133529665807714082e+01,-2.117867709975689650e+01,-2.078815556201152503e+01
1.783894063955813181e-01,-3.828315170900896192e+01,-2.437345235410612077e+01
6.046387365582631901e+00,7.405914453614968807e+00,-2.209422500907749054e+00
-1.019044493557885289e+00,-5.339470480103045702e-01,8.583152557985158637e-01
1.249558858942691586e+00,2.100684684369480237e+01,1.281343883703812025e+01
-1.773397303729725536e+02,-7.698311957787336723e+01,1.738544664851306152e+02
-5.083967818791279569e-01,-2.561479644454084337e+01,-1.614660079398890957e+01
-7.562180218031280674e+02,7.800987880662069074e+02,7.224195799049339257e+02
-1.565933332429267466e+00,-3.301956792012788355e+00,-3.153436884313123301e-01
5.753054183551284950e+00,-3.917752240726258606e+00,-4.951386430126149207e+00
1.155179000342410291e+03,-6.351347969863782055e+02,-1.120721274683775846e+03
-6.104241128014336937e+01,5.626748583810694981e+01,5.878607339342124760e+01
-2.930412964015658872e+00,6.959723617794224992e+00,3.687538048427086323e+00
1.992668766492803115e+03,1.322377354042386287e+03,-1.924211683921297663e+03
2.892045706471890298e+00,4.987802463117986917e+00,8.352996534085832536e-02
-2.938376167649403214e+01,-1.686249023805430625e+01,2.906515982575183443e+01
-2.576836115366927515e+01,2.335373323722160421e+01,2.497837741312105209e+01
-5.127865916991140693e+00,-6.488596712064463645e+00,3.606785467625741148e+00
9.555106721963966265e+00,-1.172322005382739007e+00,-5.267374965827912092e+00
-3.182308557152282447e-01,4.364728989778086543e+01,2.814398338401224464e+01
-2.600644333453965373e+01,-1.993242757942061871e+01,2.642723385030330974e+01
-3.286368610387398803e+00,-1.210831306895124726e+01,-6.135658576502464712e+00
-1.282579930099018384e+00,-6.829217782709747553e+00,-3.303453159052878618e+00
-6.795743019250221550e+01,-5.802573917727568187e+01,6.578708973135326232e+01
-4.021636827936163172e+01,-5.961831968935439363e+01,4.600825693909428082e+00
1.353539256268995814e+02,6.259756059452047339e+01,-1.327056504814381697e+02
-3.853039957512010005e+00,-1.008532829259638675e+01,-4.619118732400238514e+00
-3.625411653170885984e+00,3.261352347474894486e+01,2.891770724789239466e+00
7.236667827268320252e+01,-8.127655127755133435e+01,-6.934774423006456345e+01
-3.003329483818401968e+01,2.615399339713621885e+01,2.892192489921581000e+01
1.486373378035495989e+02,1.122103021669390728e+02,-1.441424356221572509e+02
9.557499012989865150e+00,-1.091696494724601507e+00,-5.225326285290066153e+00
1.415966603090055287e+00,4.927454320539254695e+00,2.302334228159452323e+00
-9.433762417524994817e+02,5.812900772200955544e+02,9.092309709450346418e+02
8.933376384258735925e+00,1.181509566106251441e+01,-2.428516592806772678e+00
2.349939093852299266e+00,4.670609145134221762e+00,1.885113894415553659e+00
-5.134913798421621323e+00,-2.617197227722499520e+00,7.153758943761204137e+00
-3.912146394220690127e+01,-2.233022999415334198e+01,3.940755041007651016e+01
-4.855860895233490737e+01,9.155871124694385799e+01,4.529698019463103265e+01
-5.556325221618635624e+00,8.942053591192234308e+00,6.148410499212332070e+00
1.500610040078594466e+03,-9.550633867027936503e+02,-1.448332982173014898e+03
7.082859335001558065e+00,7.942822176089975983e+00,-5.401755873273941688e+00
-3.022767060717069398e+01,1.812546037550782785e+01,2.803223064367193729e+01
-1.867385576680430859e+01,2.191882810211973265e+01,1.836097893165424466e+01
4.415224666008725762e+00,5.677148280665278435e+00,-9.405974836845416576e-01
7.017593310738448054e+00,1.230965637171175331e+01,1.232968252101272810e+00
8.140316366218030453e+00,7.883886275405529886e+00,-7.402595593648584327e+00
-1.481187066638085525e+00,3.022170563717372715e+01,2.018115481105633080e+01
-1.716555066930595785e+01,-3.226647237545694225e+01,1.556992127923422231e+01
-2.628720969690184575e+02,-2.516322338384670729e+02,2.522082401728666810e+02
2.401500960570701864e+02,-4.685723523235792527e+02,-2.231207738113589585e+02
-1.875693040551261220e+03,1.204440256285335636e+03,1.812844492023519706e+03
-1.074574289172887802e+02,-9.345386218262137845e+01,1.037173394247929537e+02
-1.242202878738753498e+02,-1.532981859304854879e+02,1.177603488724262206e+02
-1.640020484711014433e+03,-1.046766125544014358e+03,1.581891586302815995e+03
-9.246677703098566781e+01,6.551836094559985213e+01,8.848182411445304751e+01
6.522740506683476269e+00,8.358306597219780087e+00,-3.142720364281558432e+00
-1.327551508692558855e+02,-8.219885082189284731e+01,1.294795731854665064e+02
-2.055966931664152071e+02,-1.578425061923189787e+02,1.991629600217092957e+02
8.385218621580861509e+00,1.242584859431372024e+01,-6.738413365152155166e+00
5.386656306812074035e+01,7.562806491698574973e+01,-5.060891673553396686e+01
1.219689599408707181e+01,-2.586078598513267934e+00,-1.114626866951584816e+01
5.383168991538695991e-01,1.670407616125885397e+00,2.198182545180316083e-01
-3.686096678953617811e+00,-4.304417060338892043e+00,1.812685674158274196e+00
-4.152273955856799148e+00,-8.406058343156473711e+00,-3.432701735786395147e+00
2.091588706360198557e+01,1.755036360723897815e+01,-2.091161882265441818e+01
2.691428886631911155e+00,-5.848676007706671953e+01,-3.908639392536133528e+01
1.215834178219665773e+02,8.487830745784594910e+01,-1.182303292417147418e+02
4.012269624291948276e+02,-1.112964654108654941e+02,-3.874202889849984786e+02
-3.193904117197380401e+02,-2.170472435977619625e+02,3.099680461199968704e+02
3.809644456300884485e+01,4.020973415294429287e+01,-3.594063771903165616e+01
-9.274175436235964298e+00,-7.282457182242069393e+00,9.864774828907684423e+00
4.211307461233809590e+01,7.103909401674172841e+01,-3.990301733554224484e+01
3.863992121160699753e+02,-3.498806575907474326e+02,-3.713536614688346162e+02
-1.287983575426769676e+02,5.605982368562763440e+01,1.256961671385797672e+02
8.037766695276332030e+01,-4.379394647802109830e+01,-7.788385799387469888e+01
-1.095075820598285645e+02,-8.632465701180626638e+01,1.061805544903545524e+02
4.085362677162629552e+01,4.602601869083207475e+01,-4.180325540679041296e+01
-1.803357443992281333e+02,-1.286640296478726668e+02,1.751269708379495569e+02
1.648375646404019790e+00,-1.434627133881440386e+01,-9.959424804139416665e+00
4.711726135574281216e+00,1.082077630038838834e+00,-5.896508190893655410e+00
-6.574397284770384431e+00,-6.153002489416394383e+00,6.166460302316409070e+00
-3.008233982514939271e+02,-1.970656139967363742e+02,2.922414886494707389e+02
1.183418386929770350e+02,-1.079977027399872895e+02,-1.138124452632619068e+02
-6.571846024018668686e+00,8.910351920872926712e+00,7.994558669161051512e+00
2.606908658898792055e+02,-1.400058435333348825e+02,-2.534485169019317254e+02
-1.863356036454206333e+01,-2.887510228733299300e+01,1.100271664927277016e+00
2.427316401031566784e+01,4.207908878169837408e+01,-2.227995596707415871e+01
2.189674498167369165e+02,-1.678877737546135904e+02,-2.114107678084401414e+02
-6.451485131514345994e+00,7.116253318381495774e+00,7.183766187401488423e+00
7.869257889350410551e+01,5.033201445837039500e+01,-7.705644621567262220e+01
1.780004191709303996e+01,-1.452277903107460588e+01,-1.667277181998360902e+01
-1.585491094825465552e+01,8.158112048637121916e+00,1.352407852234318852e+01
6.879785203374922276e+00,3.143595311616081744e+00,-9.317607670705911005e+00
-2.580269481404684484e+00,-7.186173560563474894e+00,-3.086348994525906164e+00
9.906566335674142465e+02,3.828831065358826891e+02,-9.573243351353157777e+02
-6.242681646715209354e+01,-1.182260200704185991e+02,6.322208855499047786e+01
-8.711014165484812111e+00,-7.495786286541260779e+00,8.798427001442178153e+00
-3.255967122064866999e+02,2.816342597864277195e+02,3.134550365483737551e+02
-1.440317705180495977e+01,-1.647581708396319300e+01,1.328885641161832609e+01
-1.333264036975568160e+03,-1.016791201478663424e+03,1.285801998846709466e+03
-6.193125799007248133e+00,-8.263010232010856271e+00,1.869087906721688341e+00
4.716647242239560001e+00,-1.141263652213383466e+02,-7.592105665663257241e+01
-1.160451367114364984e+01,7.717904225457459688e+00,9.992791782249696553e+00
2.921139869827311486e+01,4.410744008200708777e+01,-2.804212335144256940e+00
-1.901420065972706652e+01,1.653998061810852960e+01,1.830782078235642985e+01
1.922524342089673155e+00,-1.008944069501012564e+01,-7.361480987747199833e+00
-1.035460064795006474e+01,8.448316981084644794e+00,9.703015999635681510e+00
-9.869543656823225319e+00,-6.866565858945250511e-02,1.080373506473551970e+01
2.549296144970649038e+02,-3.475192647311996552e+02,-2.411104601728729904e+02
1.383312886154162697e+02,1.014924305042804917e+02,-1.342859798747916500e+02
2.605057025552378036e+02,2.057822914993521408e+02,-2.518682056918032686e+02
2.766527196235256270e+01,4.235412247758358717e+01,-2.712735224013158586e+00
-5.852363611297505486e+00,9.164065847086021677e+00,6.425639613880775869e+00
-2.645513497039792128e+01,-2.097508040978573263e+01,2.666955140482059505e+01
-1.599467225510170465e+01,-1.526850710943108425e+00,1.506151888100430369e+01
-4.582238140294793993e+01,-6.839600554958451539e+01,5.031003194540971890e+00
2.036891430559899163e+01,-1.396894805133342743e+01,-1.796581516880542040e+01
-6.317129754193592817e+02,5.482744771193574707e+02,6.076195240663364530e+02
-5.591151124606403755e+02,-5.694481703045312315e+00,5.398826009671756765e+02
-8.739805495613836683e+00,8.831956424633972347e+00,9.062091204570606351e+00
-2.857450190200033830e+02,9.670305478706723079e+00,2.785128281025681645e+02
1.295264261556265410e+03,-9.846932455261776340e+02,-1.248815718774916604e+03
-3.490866404667031020e+00,-5.614307287731207907e+00,1.516623415762296645e+00
-4.203735911232652143e+02,-1.010082079161657020e+01,4.067338780594873242e+02
-8.171321957942564040e+01,8.429055068085290259e+00,8.188829485505539196e+01
1.401513709154052776e+03,-1.017931570788918179e+03,-1.352619736961903982e+03
-8.945637787391897291e+02,-1.573244140049209818e+02,8.643581314223119989e+02
-5.107240117621313402e+01,4.557991777022834867e+01,4.925776773854158819e+01
-2.616721567342756316e+01,-2.022082318426691927e+01,2.654061395335702400e+01
9.085021373163908720e+01,6.236963396228384227e+01,-8.871471666761954111e+01
9.902162001253600465e-02,-1.477308023933437653e+01,-9.263511540542822331e+00
1.621771049324888736e+01,1.213626197900157422e+01,-1.685797930661647115e+01
1.575470933574251831e+00,-6.757564788800664246e+00,-4.578645027475431561e+00
4.873671404784545302e-01,3.305427210980269592e+01,1.009758653422977659e+00
-5.679500499193090945e+01,-6.239518658880842850e+01,5.408290583021152997e+01
-3.589476520604421239e+00,9.268090750236297026e+00,5.746746636694297194e+00
-8.388199795828550123e+02,5.888654101282882039e+02,8.070218681115075015e+02
6.673359130869357614e+00,-5.193662820092868060e+00,-6.085589238500688225e+00
-9.454801048646913841e+00,-2.905348831438459456e+00,2.646776527049951255e+00
-8.808030901276506484e+02,-1.515824205704848282e+02,8.510873879926512018e+02
1.036393008967279457e+02,8.461030325181491207e+01,-1.003990650115047174e+02
-3.472511611767095019e+01,3.918927418043313082e+01,3.343969958130037412e+01
3.984353564762095630e+02,-3.577412928269077383e+02,-3.830140331981237978e+02
2.942403672839282081e+01,4.439746986079262570e+01,-2.850367073300731136e+00
9.543151709736121120e+02,-3.305868743971659569e+02,-9.214694064184732269e+02
6.276260699232807383e-01,2.266703939536819234e+01,1.414829261752311140e+01
-4.659181561961304396e+01,-3.968805980065371841e+01,4.541208199556422187e+01
7.802522010661050444e-01,2.239459663190064020e+01,1.390695410798070952e+01
-1.192746491999969294e+00,-1.482291780930245295e+01,-8.739849011646583676e+00
-2.658886948314602705e+01,2.788882224477129057e+01,2.591452928900253028e+01
-4.671986726808540880e+01,4.252753148920601234e+01,4.511034833069425076e+01
6.595941717037931085e+00,9.149632371845655143e+00,-2.306891292420914397e+00
-3.230450191869858827e+02,2.516783171175920870e+02,3.118322494220919907e+02
-4.445461221650339212e+01,3.321707009535748512e+01,4.196464137057773769e+01
-1.378902359452331439e+01,-1.414170515560545027e+01,1.274970090232818620e+01
3.363805140950717032e+00,7.583125967299565673e+00,2.519138418261718471e+00
2.834046610284030976e+01,-1.903642400793614797e+01,-2.601066558482125401e+01
2.012696223207080948e+01,-2.036593247571727261e+01,-1.965222326642833650e+01
2.057354398246388882e+01,-6.008986393593659159e+01,-1.859692526620347053e+01
-5.214249512425158173e+01,-3.810981346439803019e+01,5.096137793309389963e+01
-4.353738818286910828e+01,4.510137097210099455e+01,4.192437788972165436e+01
-1.113350415311288089e+01,-1.614972394227515906e+01,1.883482780609483598e+00
2.817761815749690868e-01,7.456502396031282842e+00,3.808476105041336268e+00
7.175828726558393100e+00,-4.879281153494957834e+00,-6.149109865247737616e+00
-1.090409590324852616e+02,-8.558066149603109807e+01,1.057483612569617435e+02
-2.465594096919139702e+02,1.708243468065775232e+02,2.385670090796775185e+02
-4.539841219948357320e+00,-2.193548576615285128e+00,2.586571649764664471e+00
-2.250150997249875218e+01,-3.295417572598671541e+01,2.699706663450342603e+00
2.159922906552674249e+01,-5.233920517974183895e+00,-2.195205950915789117e+01
-3.369211624960144036e+00,7.292614556761691347e+00,4.098989304038695991e+00
1.710105434746947140e+01,1.919320385015453212e+01,-1.551224667469614360e+01
-3.006696108308460680e+00,7.491367144335526973e+01,4.979392422997625545e+01
1.876962560976444365e+02,-1.717661706499202410e+02,-1.804132443509297445e+02
-6.773781940061599016e+01,-5.807496724076918326e+01,6.555598601871861320e+01
-1.398812808639457216e+03,-9.980138707278129004e+02,1.346456231815584033e+03
-9.894763789967328194e+01,3.548808619684132282e+01,9.667779000540031120e+01
1.257111319182673469e+03,-1.014014853673666948e+03,-1.208059654549229890e+03
3.423158382531255484e+00,-9.583341325866058469e+01,-6.299566470994614065e+01
3.930203941075887997e+00,-8.662892319459933788e+01,-5.806233575008809566e+01
5.177912567046842014e+02,-4.025081295994532411e+02,-4.996382202313980088e+02
-3.538265980524010956e+01,-4.643543580273399130e+01,3.325673186674339377e+01
-9.161739330418640748e+02,-1.666420118378009647e+02,8.851967407132033259e+02
-1.555704283586237580e+00,-1.471062534878728911e+01,-8.624926214048173279e+00
7.786725152889266610e+01,4.954019440812407993e+01,-7.626353501903304277e+01
2.165014178935962263e-01,9.337542794295586646e+00,5.585134586901403964e+00
-2.669230379757937044e+01,-3.925868240895215422e+01,3.149897650851926301e+00
-1.531394204120333598e+02,1.514944279068004107e+02,1.470600832366617396e+02
9.010324370010312123e+01,-9.273070532927522436e+01,-8.647900492639746517e+01
2.253337168777652550e+02,-1.090814997510988178e+02,-2.194381330952746794e+02
-1.372951027486706153e+02,-1.306137377743580146e+02,1.318616726480126999e+02
6.179861975855374112e+00,-1.055695577792357653e+01,-6.511306240689009428e+00
3.807264956623839680e+00,7.489958664518781006e+00,2.899198703351430595e+00
-2.185095744127465878e+00,3.632790460169780999e+01,2.478156703489366919e+01
1.888039767671216396e+00,1.686727393133332953e+01,9.886480462620966136e+00
-1.091504698752942204e+00,2.195227346455794759e+01,1.445197379798628390e+01
2.161688933614641428e+00,7.900589168770238757e+00,1.613376387271273416e+00
-9.433365245800523553e+02,5.813334868766251020e+02,9.091913924518739805e+02
7.898105761127662845e+02,5.654311325937123911e+02,-7.642252105579564159e+02
3.537319294371150136e+01,-2.987300399539526552e+01,-3.393336239201016724e+01
2.333377832053884049e+00,7.459303994546644390e+00,3.675470832677092403e+00
-4.447606395860057091e+02,1.091637957849743543e+02,4.316927347097080201e+02
1.733861693403014215e+00,8.950901541044004261e+00,4.689210263779386878e+00
1.197964669211069122e+01,3.169199770654086024e+01,-1.040226794807654187e+01
2.426795553986448795e+01,2.426847465487662703e+01,-2.283452258778197574e+01
-3.890391966328024864e+00,-6.695903509971685708e-01,6.781268332128092879e+00
-4.088090961221896578e+02,8.597533114289399236e+01,3.970708492568810470e+02
5.475805381061654771e+02,4.773411719992582221e+02,-5.235582691223353322e+02
-5.557429764070548117e+00,1.247992116841487586e-01,8.825314033263566671e+00
8.228198442142456770e+00,4.288880514039192349e+00,-9.321464411499619018e+00
1.956173136030556634e+02,1.775263037881159107e+02,-1.881459998391446788e+02
2.806852121080737561e+00,5.956949380983132869e+00,6.834154468851920683e-01
2.239503054084707401e+00,1.132698678458109498e+01,6.189760949579067528e+00
-2.028546848144014803e+01,1.360392265545669943e+01,1.822775226627709344e+01
-1.575564096565358341e+00,-1.420574470877181739e+01,-8.290665663080289960e+00
3.539069649077009672e+01,-2.777886004600441083e+01,-3.329869745980249718e+01
1.308212575566121814e+02,-1.105986000256962143e+02,-1.259726389442803338e+02
3.892125500039060171e+01,-3.161151514545781538e+01,-3.722328322113025934e+01
5.844597541436087340e+00,7.605100696266163141e+00,-3.422314374347479315e+00
2.146487396809834536e+01,-1.829654974397271872e+00,-2.062193008413305506e+01
2.684338904400647152e-01,1.580691607412882149e+01,9.511503184272442013e+00
2.290632675401866436e+00,1.551304391934536397e+00,-2.611727761857764563e+00
9.380829374767290574e+01,1.393670211768180707e+02,-1.064014468900880672e+01
1.289171338117739651e+00,2.413989201665390283e+01,1.467334171116817743e+01
-9.734469875318791310e+01,6.299011169858567882e+01,9.395419306698022410e+01
-2.128815238329116255e+01,-1.934003490381292067e+01,2.063243821640935494e+01
5.194081021156307543e+02,-4.090533555532274477e+02,-5.010394497505621985e+02
9.136906366973562399e+00,-2.769979125354439020e+00,-5.927830502390861511e+00
-7.195700663374736905e+00,-9.853535028756596148e+00,1.883125306005240418e+00
-3.741168681117414963e-01,-2.588692735508084297e+01,-1.638703026517760009e+01
-1.329073124359638314e+00,-1.477072644943837076e+01,-8.648597075545694679e+00
8.299848484548419947e+00,1.120204491106414935e+01,-1.181738168425908952e+00
-9.533248525927774608e+00,-6.919967615860514343e+00,1.053362434044902329e+01
3.761848971192603130e+01,-3.102214566298061982e+01,-3.601884990453254431e+01
1.359182749671163037e+01,2.217561397509416565e+01,4.611305456637637690e-01
1.071793018505559303e+00,2.918356711626984179e+01,1.804004852985963225e+01
-2.069078124349471182e+01,-1.896472037237253971e+01,1.999236110234051012e+01
-6.316613995146326488e+00,7.221396815497428179e+00,7.186808891827240586e+00
1.388037814953713678e+01,2.005042394940464874e+02,-8.018159894596465165e+00
-3.548339391857443843e+02,5.194768679619301111e+01,3.450802201313781552e+02
1.126443373610527487e+01,-1.284720490017207339e+01,-1.217218043014872819e+01
2.453413259837867599e+01,-1.312600937602110207e+01,-2.297503008763305843e+01
4.200619005212286083e+01,-3.226417881814995781e+01,-4.002039971877820790e+01
-1.780219058612601657e+00,-1.450346139661269262e+01,-8.287247409141855314e+00
2.141147923150601855e+02,-1.809527304618677590e+02,-2.062387439875747077e+02
-3.758222353702876717e+00,-4.855568230268545449e-01,6.716898245584161486e+00
5.347193628026288934e+02,9.704393325376440771e+01,-5.158184673177311197e+02
-2.933085665572434664e+01,-4.484973420249298215e+01,2.641156632322235964e+00
-1.028112676483578980e+01,-1.546688599593471736e+01,1.615633746907406021e+00
2.610430047148838639e+00,6.658172044670209289e+00,2.931054540698823985e+00
1.076995499627664685e+02,8.503925696773512755e+01,-1.045119105018911796e+02
2.082050754751708155e+01,-1.288285934453597292e+01,-1.780161075998330489e+01
-1.850430848371746833e+03,1.166309744835525635e+03,1.789026283709914424e+03
6.372301913058036007e+02,3.881178139358880799e+02,-6.190635416355462439e+02
-2.819688754202034033e+02,2.279310382385592675e+02,2.719542581237619743e+02
5.921230980354994244e+01,-2.352594887487066444e+01,-5.755376576690468937e+01
-1.387629867349642154e+02,6.502072886774112703e+01,1.352768480899394490e+02
-6.685473006843240000e+02,2.652004788467893377e+02,6.470201809015125036e+02
-6.195905319189478178e+00,8.890081106452271342e+00,7.793387381942011416e+00
-5.162298477720469236e+00,-8.777038333122618496e+00,4.220395898930291878e+00
5.942131067085938412e+00,-5.576441557786893100e+00,-5.953525394666939974e+00
-3.461176645014620590e+01,2.900802976114209741e+01,3.313721119600813836e+01
6.583195222003851086e+02,5.292752708903426537e+02,-6.306140634788243915e+02
-1.912003511365037411e+01,-7.055462108524079667e+01,1.616448584987210779e+01
-2.005516617373814370e+01,1.322549427457852289e+01,1.795353469846304506e+01
7.952016889310907573e+02,6.689793340803589672e+01,-7.675725941086129751e+02
1.753577799268532544e+01,2.712566157977562398e+01,-1.208687707690842217e+00
-8.977928380796220154e+01,-9.461048896751162829e+01,9.164808980235829949e+01
-5.838573902717689634e+02,5.159670058758474624e+02,5.613131663886597380e+02
1.373350979069946334e+02,1.290407244131201878e+02,-1.319355419025108631e+02
-9.587614922260399908e+00,-6.688097123347688466e+00,1.077919101677980507e+01
2.114854482004375313e+00,-6.116180886514484882e+00,-4.907262677792459726e+00
-9.629436618910403922e+01,-1.004310642373602604e+02,9.207558577984741532e+01
-1.101636066646315157e+02,-6.152640908760804450e+01,1.077455127935918426e+02
1.156723739848439436e+01,-1.653530559357022867e+00,-7.806818800658220425e+00
-5.505639273615088314e+01,-5.168502490819082595e+01,5.291994077262643259e+01
-6.164098667366924929e+02,5.158433026240381878e+02,5.912337221822817810e+02
1.370573609095299616e+01,2.000846060126787052e+01,-1.262340537166164722e+01
2.424884341320721433e+02,1.185851007662131451e+01,-2.358352012500981800e+02
1.759841288809184334e+00,-1.275600968522485346e+01,-8.993106818466912955e+00
-1.886446204412204679e+02,-8.741035486177315761e+01,1.847143070055963108e+02
1.419498120245771133e+01,-1.383060189132811502e+01,-1.428101469151442870e+01
-1.820830593426944688e+01,-6.979290567469433881e+00,1.827444282358646888e+01
-4.961866198340430856e+00,-8.679429657990112901e+00,6.052682788504171185e-02
6.512991403113119304e+00,7.822578895662445575e+00,-4.459132334159221500e+00
-3.762977805875343620e+02,-6.216579094697954133e+01,3.721399142369045876e+02
7.493314453020284418e+02,6.029541283786747954e+02,-7.226447063596624503e+02
-9.244423739728517830e+00,-1.285821095330175012e+01,2.819859570648986846e+00
2.809983249346259981e+01,2.235507409565616399e+01,-2.779520555837370921e+01
1.205616952502714412e+02,-8.686220874960417859e+01,-1.163883339019957930e+02
-2.602815350261516869e+01,-2.153772558452328667e+01,2.595325076026892930e+01
-3.030021240081332508e+02,2.266191514175261545e+02,2.927722756048315205e+02
1.820692149112801417e+00,-1.181278690061299130e+01,-8.417502501630224288e+00
-2.406011300905765893e+01,4.772816218843217939e+00,2.279377911309711635e+01
-2.998416048030776437e+00,7.420394964359002188e+01,4.934111111727543175e+01
-1.651390882774750935e+03,-1.017682567791394831e+03,1.593756928939463251e+03
3.296964919103811553e+01,-5.325514285595272668e+01,-3.134588539903052151e+01
-2.928385238279588521e+00,1.888000370767258573e+01,3.990758186647269667e+00
4.835088912514038384e+00,3.598300028301309794e+00,-5.494234043952019420e+00
-1.863371728581842035e+01,-2.889112791902152821e+01,1.083643772988580167e+00
-7.898197080008685589e+00,-1.353375503286952153e+01,-8.874982131419528741e-01
-4.433863164621834585e+01,3.233523886578041129e+01,4.175637680600630119e+01
5.716432277054991573e+00,6.983033807366155088e+00,-2.706989319085550960e+00
-5.214697588130366057e+01,-6.605370454609510489e+01,4.931913796429716967e+01
-1.760925784194569133e+00,8.112990407971665263e+00,4.166154488979373127e+00
-1.180196899332258909e+01,3.522518294339533895e+00,8.076104462612420321e+00
-8.016297915019094944e+00,-1.368756937573198229e+01,-8.394363724655704573e-01
-2.725396480120252818e+00,-7.312798615137580782e+00,-2.936150766858190764e+00
3.680612200125096933e+01,-3.062210264202440158e+01,-3.526543266186490655e+01
4.880118568014586344e+01,4.786382959818001837e+01,-4.671703235332506665e+01
-5.766959851499850629e+02,-1.421748781649512239e+00,5.568541402634728001e+02
1.390539310682099313e+03,-8.196460648810898419e+02,-1.343581446801603306e+03
-4.339511709148064256e+01,-3.799914346827426925e+01,4.213294604442853597e+01
-2.789592077377164969e+00,8.250184248638106510e+01,5.431817646161653101e+01
-4.348174448724603280e+01,-5.911872926598880440e+01,4.093524556696763739e+01
-9.750730903702788055e+00,-1.398483326227869838e+01,2.424735621381842066e+00
-3.544629134190472541e+00,8.792800752911716700e+00,6.904998116428032517e+00
-2.506054682223521013e+01,2.287862038219464011e+01,2.432265092537272722e+01
-7.696618598786881194e+01,5.500381079743965529e+01,7.511359092392376624e+01
-4.286891391268000007e+00,-8.405400790215935558e+00,-1.004011242024716921e+00
1.001541983161587268e+00,-2.263034681302087847e+01,-2.064069035423699461e+00
2.341876586786383996e+00,2.883206006546970457e+00,7.458278236445039511e-01
-1.510426859207655070e+00,-1.577654179662931710e+01,-9.332275976310484111e+00
1.986046229226940341e+01,-1.428406700037885457e+01,-1.779094330000225455e+01
-1.012367433767713010e+02,7.188022773418924771e+01,9.762880175787722692e+01
-1.545136966835707426e+01,-2.319273298222105950e+01,1.732324474622146226e+00
-2.883273056218968122e+00,-1.305452367002726533e+01,-6.903670379280811176e+00
2.159454171378456522e-01,-2.539544988778652623e+01,-1.635870337038068101e+01
1.260039137734565884e+00,-1.883825207257177681e+01,-1.265436333569232374e+01
4.675506356470577884e-01,9.302511974470689893e+00,5.454349304432980716e+00
1.083917016978375614e+00,6.750647149747237563e-01,-5.927257949369959533e-01
-3.355614804303368146e+02,2.783896474397479324e+02,3.234028093924862333e+02
-3.630319662680267356e+02,-3.031114169135616976e+02,3.500925837486920500e+02
-6.891413474855071399e+02,3.247346544579777401e+02,6.638560981058981270e+02
-8.114351025316864252e+00,-3.164366642478853464e+00,1.075775814027656452e+01
2.585476211278000847e+02,1.936010194661284913e+02,-2.504189164055405854e+02
-9.610608707341089030e+02,6.559660846999613568e+02,9.296329980655573308e+02
-9.035547114303335547e+01,-6.313234053734049667e+01,8.804516610241057606e+01
1.432744202902540565e-01,3.845795772096607834e+00,3.645821168665861478e+00
-4.356832080171443522e+00,-1.349349983793217689e+00,6.975674071651155828e+00
-2.817032779807632323e+02,-1.772737821749547038e+02,2.739564565073678750e+02
5.479492655234935228e+00,4.444545801496133208e+00,3.135101408697664738e-01
-1.391676634729083162e+01,3.209753501997329295e+02,2.144289301431272179e+02
-1.516149049989735431e+00,5.882207877468317747e+00,2.360753040993586183e+00
2.515324851293053143e+01,-1.606030716974055395e+01,-2.292339364584768191e+01
-2.010071671196783427e+00,2.975724474136950448e+01,2.048498224955983460e+01
-1.476544592693007871e+02,1.474705476126109716e+02,1.417627832748694345e+02
2.319620365859009326e+00,-1.036818165332078934e+00,-3.541205859677575063e+00
9.364543945169634753e+01,-6.473432886772206984e+01,-9.000085487100295722e+01
-1.118121908379253000e+02,-9.168622255351510830e+01,1.082236970517078589e+02
-2.215366359108406868e+01,2.090056859538890421e+01,2.162644326849840581e+01
-1.339494777669915493e+01,1.471768993663135916e+01,1.347495430416893214e+01
-1.009325319982599467e+01,-1.594934412708971649e+01,5.895175604746327735e-01
2.360475763055728748e+01,3.606548658385872841e+01,-1.926644431274326053e+00
-1.200789909908722620e+03,-9.712670847928420699e+02,1.156146483842785528e+03
1.289192085608374327e+01,1.876393516990356147e+01,-2.368429959678906016e+00
-9.402888614181356388e+02,7.280260442012004205e+02,9.070239439156139269e+02
2.819298596237786114e+01,4.268662562296958640e+01,-2.610545061423181323e+00
1.003902058328153544e+02,-7.421985100864549167e+01,-9.648667030787328258e+01
-4.582439566604080028e+00,-2.215575256355805323e+00,6.578735427465289831e-01
4.210039013682035147e+00,-9.336627095413859934e+00,-7.644088188884779811e+00
4.002753580538046663e+02,-3.589299073060828960e+02,-3.847969734275247902e+02
-3.186552997629914898e+02,-2.162379750738368784e+02,3.092669153061360703e+02
2.138859326525562210e+00,-5.519640145008452237e+00,-4.536567497940268368e+00
-1.241515068027183588e+01,6.205221379641443491e+00,9.683248926303349435e+00
-3.729900816743611358e+02,-2.885563648536663095e+02,3.605999184748006883e+02
-1.360474680530256592e+03,-9.325086599119385937e+02,1.315583105647354387e+03
6.559599587460979819e+00,8.596835865173488855e+00,-2.922296882701630238e+00
-6.191935500450199470e+01,-3.462449526709679049e+01,6.080146750656638233e+01
6.341488586522245896e-01,-1.450365983720985241e+01,-9.324917503661708906e+00
-7.517316810786724091e+00,-1.222774074110202491e+01,3.100003310246393085e-01
1.864598311029112665e+00,-1.109396534634288400e+01,-7.977693056920543313e+00
5.929680527665186673e+01,8.846310185373295099e+01,-6.553704147605458274e+00
-5.209842767845839262e+01,-7.834596401022281498e+01,5.362012948316987604e+00
-7.024959442550971289e+01,1.091671719514924916e+02,6.621135768538806587e+01
-1.739040268352255225e+00,2.048659912229049951e+01,1.406968392583075911e+01
2.211086973390138155e+02,-1.770050124806730310e+02,-2.132609138457337394e+02
-1.117300417952341377e+03,2.186139650591285317e+02,1.078392456582470913e+03
-2.823224283184390515e+01,9.374237950760289095e+00,2.874985190421921288e+01
8.404886726930271834e+00,7.742044604034163058e+00,-8.016117390157887712e+00
-2.896669505624231533e+00,8.312919553043320775e+01,5.482128905405988917e+01
-4.554205241383897373e+00,-6.265760992770083249e+00,-1.490775603801012039e+00
5.874257786179441609e+00,-3.138552897202316672e+00,-4.522268862987402827e+00
1.400311152797112300e+02,-1.692450937679204799e+02,-1.332638290317263454e+02
-9.127371161020710133e+01,-8.711786034967371961e+01,8.817823798391327728e+01
-6.508052961214561947e+02,-6.150948847639083397e+02,6.218738994375016773e+02
7.775213921559043229e+00,1.030399904586374760e+01,-2.688070865904592210e+00
-1.020321666494564852e+02,3.225813531520179822e+01,9.995331923087360337e+01
7.683191527970848256e+00,-4.505298312404192984e+00,-6.183245543041266501e+00
3.455278423693835066e+01,-2.817598974963766523e+01,-3.274831068073399365e+01
2.550522362559568137e+02,2.069490943383134436e+02,-2.463651207899365545e+02
-6.138728267338592559e+01,-5.554706497513689101e+01,5.917685297143907519e+01
-2.675727055617608130e+01,-1.451512065604038071e+01,2.653078581109275547e+01
-8.886712964266189374e+01,-9.530106636789423646e+01,9.076813295867759734e+01
1.457320093231828650e+00,-1.673430879233637825e+01,-1.139940947247669101e+01
-5.448398652905598283e+01,-4.043817854623193853e+01,5.320377958955577924e+01
8.943332137229735963e+02,9.376885319506982341e+00,-8.634743047886004206e+02
-6.707578929257579148e+01,-5.804426762743969448e+01,6.487310662847085041e+01
-1.795634397494723089e+00,1.709916757233440876e+01,1.192461371829267591e+01
-2.605989063034940045e+00,5.343260000576265156e+01,3.592969388462370262e+01
1.076571307371364128e+01,-1.399032880493905395e+00,-9.776010124944150448e+00
-7.367945351637899876e+00,-7.355076298874337226e+00,6.692608548557473114e+00
4.149412944074720144e+01,2.519066719745751470e+01,-4.114114202160999412e+01
-3.196691493977268692e+02,-2.173545339482895997e+02,3.102338820542927351e+02
2.385235956589895068e+01,-1.488450304814614356e+01,-2.167100411932915449e+01
7.869970850144272845e+01,-4.977519399873563088e+01,-7.563912124134367332e+01
-2.780006300774402916e+00,-6.235163021134212613e+00,-2.128702262187289307e+00
1.499573138263076544e+01,9.139806028862949461e+00,-1.536953673401148990e+01
6.991648848992481362e+02,5.478567405382855213e+02,-6.701096167030664219e+02
-1.106447859195715864e+03,2.094347088392751175e+02,1.067943397465394810e+03
3.637328418982610856e+01,-3.040107073006220162e+01,-3.486343956389464438e+01
9.534809881812179810e+00,-1.441945349448360503e+00,-5.402220296964515001e+00
6.087237006944633322e+00,6.346902903169393539e-01,-2.288232312072068453e+00
-1.640881033166806446e+00,-1.234889273578301072e+01,-7.065137142664752901e+00
3.486304157223185030e+01,-1.238539399528235663e+01,-3.350477563729509711e+01
-3.355995786156199756e+02,2.752156728947084048e+02,3.235357697130530141e+02
-6.581554643518757075e+00,-1.175301833706907928e+01,-1.336016555560490815e+00
-9.609381147700332804e+00,4.831462711445055902e-01,5.469972171704284847e+00
6.213073512300616130e+01,9.383494174666702747e+01,-6.481884324566635769e+00
2.679571911005768925e+01,4.105163212754996493e+01,-2.618446477878023870e+00
1.885287472789405001e+02,-1.721694193252333207e+02,-1.812237432301044464e+02
-9.996709761908277869e-01,-4.021499868249520659e+00,-1.479565608035045443e+00
5.026765421091113240e+00,7.254842983034905046e+00,-2.230222228550701402e+00
2.683465452387463301e+01,2.588505864655598998e+01,-2.550086750770060462e+01
7.140955364560068119e+01,-1.022811464188416721e+02,-6.891665062136598863e+01
1.424040767477359623e+03,1.237662278776260791e+03,-1.365765344900799391e+03
2.579931837497279048e+02,2.069045056886243401e+02,-2.493084189664432415e+02
-9.240817657028674148e+01,-1.385574267180927563e+02,1.014603719003753213e+01
8.059543577725889918e+01,-4.400783347134711221e+01,-7.809292508126236498e+01
-1.217275751056149602e+00,-3.618730069545563310e+00,-1.592225787237111945e+00
-1.114147486288857181e+01,2.412267133186105639e+00,7.198534781695343554e+00
-6.691942179644684074e+02,5.730628226162370993e+02,6.439020599402720109e+02
1.464513987321406603e+02,1.445702729838303640e+02,-1.403430687656518785e+02
9.972417355733796285e+00,-1.329351591254817322e+01,-1.008946832676883787e+01
-9.230780430993763730e+02,-4.728786250626144465e+02,8.981330327604700869e+02
3.515411899000173435e+01,5.356611037469701841e+01,-3.525832744999206625e+00
1.828318562783533707e+01,2.824080047488678247e+01,-1.256212122050783364e+00
2.670504213019739836e+00,1.086049286391062196e+01,-1.927572241928828589e+00
1.347300435692304745e+02,9.784998043476662133e+01,-1.308369150314726426e+02
-5.915987898128150846e+00,8.869596887729130685e+00,7.641039975336752832e+00
-9.872374352481201640e+02,3.839192331864178414e+02,9.610139607624150813e+02
-4.081536383197089890e+00,7.832924738322617486e+00,6.796454963565338403e+00
1.431825509888585657e+01,2.119614140462363139e+01,-2.183517376874078764e+00
3.031198251340538263e+01,4.537711426004534587e+01,-3.243422561590705300e+00
5.193763128535920259e+00,3.339639115583850071e+00,-1.970200668845791370e+00
-1.238570048908150056e+01,6.373673268710263073e+00,9.748959245742298663e+00
1.191518799844649038e+03,-6.327311022011272144e+02,-1.152843189932347741e+03
-9.233921010097401449e+02,7.208737543950264808e+02,8.905518753434298560e+02
-6.866917061584535986e+02,-8.212649443600093946e+01,6.638107779610436410e+02
-2.577438183943741024e+01,5.652273719927507045e+01,2.802150453944705077e+01
4.437047758372500539e+00,4.579600510187447071e-01,-7.265485726675251499e+00
1.402522851456888020e+01,2.280660685809561983e+01,3.860275561564776581e-01
-9.170677299134258647e+02,8.788885339452899643e+02,8.780676725900848396e+02
3.471924198158376385e+00,-9.197179109789431095e+00,-6.153738209512084723e+00
2.346320454245187648e+01,-3.101825740086496808e+01,-2.276127768063452095e+01
-2.634127919196657786e+01,2.770386483665788546e+01,2.567829982307739556e+01
-2.046112182375145494e+01,1.642017493402818218e+01,1.923625786980846897e+01
-6.664741344862704864e+00,-5.406612641876563430e+00,-4.459866811521351337e-02
-2.742746578544006297e+01,2.445645254387636669e+01,2.651406397001119331e+01
-1.546204361555282958e+01,-2.475650612765457481e+01,1.062203956280427519e-01
-6.693106049089692533e+00,-7.185858263837872073e+00,5.259819382146815769e+00
-3.027497841279910062e+00,8.118654068984324113e+01,5.374124769889749587e+01
-1.584406115801539272e+01,-1.564938382117543370e+01,1.488359006835889886e+01
-4.050486101805290673e-01,3.282421602180693299e+01,2.082495371781988069e+01
-3.950344869284890592e+00,-7.542570776713546365e-01,6.809198987994022900e+00
-1.615106449250015430e+01,-9.041632545602624305e+00,1.738411018227452587e+01
-5.669358293563345796e+01,5.357673112925840542e+01,5.459599573147716001e+01
-2.066613651646639482e+01,1.629413120661047287e+01,1.933351187047082931e+01
-8.453523016143890345e+01,6.929774940272909589e+01,8.144073443702654913e+01
-1.711135778581956401e+01,-2.707311162719270214e+01,4.392793497609090991e-01
8.835535327501420397e+02,2.731087503349408507e+01,-8.530220236619934440e+02
5.320330970863142284e+02,-6.452473494392470457e+02,-5.053465039599104784e+02
9.074586640932830051e+01,5.582071056972199585e+01,-8.859469801662510235e+01
-1.837187531020026654e+01,5.343324052490061149e+00,1.888747536079836919e+01
-6.401283517596311867e+00,-8.752134891459718347e+00,9.676544013891543727e-01
-1.389487825948745012e+02,-1.317850609316083137e+02,1.334683880351062726e+02
1.229119924531405559e+02,-8.985675060190260410e+01,-1.186309701766585931e+02
2.069222735299263149e+00,4.094033211236819625e+00,5.385131114817340858e-01
-1.461556067053606967e+00,-1.681238835421390831e+01,-1.002207217027898878e+01
-4.130515459865773664e+01,1.858593071307404898e+01,3.932898768084123731e+01
1.315458763136761263e+03,7.231585284023167333e+02,-1.274800226940256834e+03
1.516752932544593932e+03,-9.848473440019297414e+02,-1.463463264304271434e+03
2.249928838409832679e+02,1.508021202597228694e+02,-2.186513701701369428e+02
-3.515327897749957629e+02,-2.548442464116870951e+02,3.405304895460121770e+02
2.286972809492544911e+01,-1.400818684880505316e+01,-2.072729874419746920e+01
1.049756240787100978e+02,1.061464275663965964e+02,-1.004544527132003395e+02
1.320576384050982597e+02,-1.046081415993685368e+02,-1.272975898106815293e+02
-4.246417266149364877e-01,-2.182464544347021729e+01,-1.345542617514729500e+01
3.864069480349971855e+02,-2.548157965289810818e+02,-3.742333664247998968e+02
1.890810841789061669e+00,5.176335786003619432e+00,2.147002494777552783e+00
2.505747624090872705e+00,6.524707930278964341e+00,2.981835494181723334e+00
-9.132219472170527297e+01,5.526721159653970972e+01,8.819540475337998942e+01
1.436623972905770643e+03,-9.405689502982277190e+02,-1.389434550488600507e+03
-3.798427437216741964e+01,-2.467381118625053205e+01,3.735533268991730438e+01
-1.309384555555880070e+00,-4.164575485745444894e+00,6.579932358727091923e-02
2.387704536504315911e+00,6.582587375422008336e+00,2.314050745218992233e+00
9.662645348966907477e+02,-5.198863079557631863e+02,-9.307882345848775003e+02
-6.610124366474337876e+00,-7.879517018387559801e+00,4.316931108882272383e+00
-1.692264922067988664e+01,-5.858739237708505243e+00,1.703192655876773642e+01
9.941961568283431916e+00,-1.327171688427915797e+01,-1.006074549152981490e+01
-1.262947471441293601e-01,-2.599305088608525693e+01,-1.657605541619705036e+01
1.983117514825898979e+02,-1.380421745498460950e+02,-1.918761753847938962e+02
-2.023387672397802817e-01,2.306085966704995371e+01,1.476618057113955729e+01
-2.973659014212898910e+01,-7.918227864908840274e+01,2.641656464010247873e+01
4.658699264359311201e+02,9.812144183352938853e+01,-4.492902136543416418e+02
-4.642922937974799424e+01,-3.961710287281312048e+01,4.524314066972874571e+01
1.017955713941773865e+00,-5.771237405820284039e+01,-3.736665422527585179e+01
-2.233151976445515174e+02,-1.199479252199744224e+02,2.179988813255313289e+02
-2.253678313069940486e+00,1.860306012199725956e+01,1.283205716629163362e+01
1.635847485222257092e+00,1.896404034446459264e+01,1.133777176024159417e+01
8.388348901592544280e+02,-2.494176714696077397e+02,-8.103905159860150889e+02
-1.917444199739547912e+02,-2.030680716368660796e+02,1.831643971863036313e+02
-1.062341043949010782e+03,-3.381846611418295652e+02,1.025223796160193160e+03
3.337413668798981234e+02,3.415038324441848090e+02,-3.190456713684779970e+02
6.520484032225795090e+00,8.345442450256086886e+00,-3.154054159109364264e+00
-3.585722329276904929e+00,1.180598300337442197e+01,9.098920506221475080e+00
1.069869697657995857e+02,8.532155933193280362e+01,-1.037684590433518679e+02
-1.634319128170551267e+03,-9.766982981451292289e+02,1.578018684244339966e+03
6.153785044416508754e+00,-1.059912159497616813e+01,-8.283858995768241584e+00
-2.081755654094740748e+01,-3.213901439215987921e+01,1.722173342684982345e+00
8.737312481644949003e+00,-1.260042908502509817e+01,-9.772362297982908785e+00
-2.594149536063923733e+00,5.291537676024017856e+01,3.559352311474503949e+01
4.091062697471643332e+02,4.094931204666499980e+02,-3.897339872901902709e+02
-4.866224148194305599e+00,-6.359743020846508443e+00,3.265201867678115377e+00
6.280206072762957774e+02,-4.342012361511879135e+02,-6.034130166335671674e+02
1.140227130539715290e+02,1.127812919069547206e+02,-1.092446732794734316e+02
-1.313012066512601450e+02,-8.084869385515048634e+01,1.280816611147556614e+02
-6.379586978939478286e+02,-2.270247595782711869e+02,6.242716729483727249e+02
-5.916240039132389938e+00,-5.770432765828445554e+00,-5.908499463694170117e-01
-2.238794599073153222e+02,6.485636310934751236e+01,2.214547376375376189e+02
-5.463979596503759240e+01,1.859528703795513138e+01,5.298567555053159595e+01
5.156785344072413864e+02,-3.978819245875019988e+02,-4.976892256414284930e+02
-5.109708124358439818e+01,-7.601617362507386133e+01,5.765855761521379463e+00
5.614773728458676487e+02,1.554334106399037410e+02,-5.436160692525736522e+02
-2.040522360492741427e+01,1.381534556788392365e+01,1.837494377087568864e+01
1.528577286877407460e+00,9.029678406892344356e+00,4.826405214844271541e+00
-9.126025266721262597e+01,-1.368027194158057682e+02,1.002723931442778849e+01
-2.643914302811026573e+00,-1.012797592906281352e+00,4.194956424740666989e+00
2.166267302973301412e+02,-1.808701921805331949e+02,-2.087220652574906126e+02
4.812070356251206249e+01,-1.263373888758596877e+02,-5.264460896103446430e+01
-2.630372960855147539e+02,2.221907295637502102e+02,2.534568129801191390e+02
-1.393627981076861033e+00,3.250821356161031872e+01,2.160123429843224585e+01
-8.295332231093198061e+00,-3.438190194952767342e+00,1.086742278574820375e+01
-1.184816558351940330e+01,4.229620378057006747e+00,9.574935874610673636e+00
-1.524844996854211786e+03,-8.495459603548151790e+02,1.473787547646576058e+03
4.089967893611628824e+00,4.138902743725338951e+00,-9.823065366945229471e-01
-2.630425416532671079e+01,-2.050507421838119626e+01,2.662529231255575723e+01
1.727790836678468622e+02,1.452452645887242397e+02,-1.668469938451442545e+02
-7.505650145857362077e+02,-6.724181043857461191e+02,7.183630252991642919e+02
4.848179703648675059e+02,-3.559117304582032375e+02,-4.684511148371966556e+02
-4.687218693360628095e+02,2.034670573405528557e+02,4.569064240929437801e+02
-2.269153635133989155e-01,-2.358389114437159151e+00,-2.431047051475616172e+00
1.514498195968481014e+02,-8.721398719520948362e+01,-1.470668400456197560e+02
-2.999537033261731267e+00,-6.932357062119990587e+00,2.104938194377609761e+00
-3.947567444120068103e+01,-5.867198822984937578e+01,4.504842010057473090e+00
-1.906771645217668265e+01,-2.952268274291418493e+01,1.534980425989488140e+00
7.534163361811952200e+02,7.612192504826816730e+01,-7.271787003741192166e+02
1.109050877997651696e+01,1.807014169933972880e+01,-9.563894459141010884e+00
2.179627775170956738e+00,-7.250912986276671290e+01,-4.765780949790496379e+01
-6.917129661582293920e+01,-1.032999874760862440e+02,7.694914705105475150e+00
1.035682128792439471e+03,-4.041428415255359141e+02,-9.995527708558947779e+02
3.833502879831939936e+00,8.122777753393165767e+00,2.214157258007617202e+00
8.201882747258059680e+01,6.398875691578723490e+01,-8.006859163722765516e+01
8.508455465525912587e-01,-6.822379316319711506e+00,-4.280522688757628202e+00
1.404095899966323486e+02,2.092798060084023746e+02,-1.579168411449563791e+01
6.326684894404161241e+01,-5.822712463670177385e+01,-6.091356997471302748e+01
-1.040748229233780876e+03,-8.882451300974644255e+02,1.000434245357038890e+03
-3.966655597995259086e+01,3.184902961482293904e+01,3.775391951092751697e+01
1.365299734630752937e+00,2.050200312235392630e+01,1.243984988384181634e+01
-7.089481833280251522e+01,6.210198805604886729e+01,6.828222188324434683e+01
-3.003872578206937760e+01,-4.431197633256670088e+01,3.666786862886510789e+00
1.103871372859430267e+00,-2.028331301419530064e+01,-1.350645457871723920e+01
6.109621898154728115e+00,9.894986554980278015e+00,-3.438065931622986682e-01
-3.429852388228755444e+01,-3.701321995709440671e+01,3.255605681531778828e+01
1.564838291769265197e+02,1.408454720108129550e+02,-1.506486238044070660e+02
1.871177144062494335e+01,-1.452512221888173372e+01,-1.721002282208064571e+01
1.218772480498155346e+02,9.764888713091204409e+01,-1.192186446177656762e+02
2.615385191346285865e+02,2.015068420238312683e+02,-2.530797928560214132e+02
5.024422690104620415e+01,7.542630667667253874e+00,-4.985576684470288455e+01
1.751291732228128240e+01,2.706995296676177531e+01,-1.232547279261780204e+00
3.088608048972673714e+00,-7.983961065765470266e-01,-5.944636399413866457e+00
7.099402781965327449e+02,5.859102573120053421e+02,-6.841156733464931676e+02
3.109535299070739711e+01,-6.803274146751209628e+01,-2.875830416008830070e+01
8.323937680979724973e+00,7.796548013284336776e+00,-7.818533543271769304e+00
3.476041853778588120e+01,-2.610492343670921400e+01,-3.245350420119939372e+01
-5.709991452506437781e+01,5.383072365730185993e+01,5.498745794111164287e+01
2.264080266344535630e+00,-1.182326776068657637e+01,-8.975861093960702419e+00
-7.913769880717154592e+00,-7.469546737556811422e+00,7.509862176459137117e+00
4.749586638357941411e+02,-4.027468507353769382e+02,-4.572965914641972631e+02
-3.664102422515279613e+02,-3.033792959951661032e+02,3.534517572948179804e+02
5.744575868102401728e+00,-3.966945776890497655e+00,-4.978127181413583457e+00
-8.564136532628344867e+01,6.981209980433050077e+01,8.250866770156426355e+01
8.111347677651792765e+00,2.819881659408565611e+00,-8.715595599365769885e+00
1.643356798333115876e+00,-2.095561383757740259e+00,-5.763799321619444527e+00
7.750889897812157869e+00,1.258866488630883396e+01,-6.454802540974924341e-02
5.613098491741693579e+02,4.997280895367930498e+02,-5.395163731658831239e+02
-6.769979207310825586e-01,-5.210837243706919253e+00,-4.680362052138661966e+00
-1.386467458479637571e+01,1.485480060911504552e+01,1.434432037139777094e+01
2.943408666034883936e+00,-8.216182535397820175e+00,-4.418674196174833924e+00
-1.766610323260920268e+01,1.012889647239353508e+01,1.536791101447306573e+01
-1.950646799279638799e+00,2.757888215885031968e+01,1.905907907604705542e+01
1.523165714456321439e+03,-1.046546255213994300e+03,-1.468297746247902978e+03
4.016586779322096845e+00,-6.287365453434176743e+00,-5.448282360099256039e+00
-8.075544361752690747e+00,5.791450125940900762e+01,6.286455539287999272e+00
4.790585504234331893e+02,-4.047438208586136170e+02,-4.612888151142979041e+02
-4.450226760527584702e+00,-5.508265896642114967e+00,1.832999269649008056e+00
1.763742883771192282e+01,2.744175223889760673e+01,-1.017564433041115990e+00
5.984121381033328362e+02,3.498986356069945032e+02,-5.818883047739936956e+02
-5.216787332203239202e+00,-9.639935886196326464e+00,-1.203912676155596273e+00
4.874351618753280491e+00,9.023600488842930645e+00,1.398202004304039292e+00
-8.944684348383452743e+01,-8.449015918798977509e+01,8.596062693942076294e+01
1.112166886736624292e+03,-8.961508486610546242e+02,-1.070810382149764337e+03
-1.479874855068628676e+02,1.637368068967625732e+02,1.526669530435974593e+02
-9.590764677326660603e+00,-6.660782071761786938e+00,1.080279565888849902e+01
3.914045955397534726e+01,-2.710012205311795697e+01,-3.707470986747648567e+01
4.521088808178319596e+00,-1.061936289404984564e+02,-7.081311705161351711e+01
9.483625201852191822e+00,-2.434895688202232122e-01,-4.736631220148410648e+00
-8.230740347972641757e+00,9.644402700359933078e-01,6.091771235456690192e+00
2.522699086726643145e+02,1.836476973941389588e+02,-2.445566137964906375e+02
-1.070143615757115185e+01,-1.342741672805277631e+01,9.650512353542580968e+00
-6.017052425804649829e-01,-5.418457423977088183e+00,-1.114384749904274940e+00
-3.856853020979042412e+01,4.178863296555937268e+01,3.713997383654350415e+01
1.099151578982127830e+01,1.450073457395774312e+01,-9.350614639746709145e+00
6.040909492639912060e+00,-1.577358505921438336e+00,-3.630747670831624418e+00
2.264921851374674588e+01,2.144220766983926296e+01,-2.144902713541523553e+01
-1.060549390099884477e+03,-8.993439436547087098e+02,1.019672789687421755e+03
8.779220560276689866e+01,-7.257123099049204029e+01,-8.442171917686937377e+01
-1.117726474171504378e+02,-6.297873532324592816e+01,1.092943371779019799e+02
-2.101827908627456054e+01,-9.439587369517539628e+00,2.098936910372958664e+01
-7.201466998292744393e+00,-5.094050791580229998e+00,3.764397929189726710e-01
-4.303424386249389499e+00,-6.067833651613909751e+00,2.540568294076365419e+00
-6.097529206116159912e+02,6.891745554086810444e+00,5.887645451119460631e+02
3.548513274639844894e+00,1.060303385136649013e+00,-5.909182745359430555e+00
8.532824447145685554e+00,5.826921374071389437e+00,-9.955382653915876290e+00
1.079344549461966380e+02,8.357161578090745024e+01,-1.048402703121100785e+02
2.683333856053650379e+00,-4.621150131011381745e+01,-3.124253727053292096e+01
1.112055216770727384e+00,6.461125358182471246e+00,-5.403987324098125100e-01
5.294220755468413699e+02,-1.327014424677181523e+02,-5.156490524874534458e+02
-1.763426637338852743e+00,6.454290606791619211e+01,4.203325034392764792e+01
7.681209019524976611e+01,1.153299541081069037e+02,-8.213786708074621856e+00
2.584697717230301350e+01,1.986519569437950850e+01,-2.570510831276624231e+01
1.486501903647495055e+02,-1.497703314509999473e+02,-1.424882133333012462e+02
-1.405684933066368103e+00,3.151020067986974027e+01,2.838945754854648840e+00
-5.708465091767720878e+00,-8.750713499612174928e+00,1.501918194426252740e+00
-1.465713627100922167e+01,-2.187960887001827359e+01,1.779024143226706656e+00
2.132208255300938617e+02,7.267085846720146947e+01,-2.106729997427901253e+02
-9.604100875245057978e+01,-1.444518623313051648e+02,1.045600297082091856e+01
-5.159684372349875048e+01,-2.485821346695593093e+01,5.088122722495972994e+01
-2.654389247054932639e+02,-1.795132392023806460e+02,2.546033997350314166e+02
-3.266637585897115059e+00,-1.500306630518025486e+02,6.160506552259903401e+00
1.310811251402483322e+02,9.420230319990514545e+01,-1.273401435463404425e+02
-9.384610847193980590e+02,-8.283137357954183244e+02,9.011374186088432907e+02
-3.723884217490849551e+02,-2.870870391777443729e+02,3.600578290144540006e+02
2.290965613984826632e+01,-2.234549408615566790e+01,-2.264277341257547960e+01
8.628104266453374294e+01,8.667887917130428832e+00,-8.556929654150735587e+01
1.393246960063741426e+03,-8.796497091512210318e+02,-1.348410763266845606e+03
8.183292028075811686e+00,2.376056684763170779e+00,-2.720450913941022009e+00
-2.872905554845056031e+02,-2.669643734863238933e+02,2.759632685620977099e+02
1.346232959505869076e+01,2.109562913939589635e+01,-6.955173520764219575e-01
5.246825677486049244e+01,-5.117049758310895413e+01,-5.056286939932033420e+01
5.633021323716093320e+00,3.912920178147032857e+00,-7.865030737593770027e-02
-8.590892731677740812e+00,-1.151378701068460941e+01,3.185113143888884224e+00
-4.569838012359105051e+01,-4.531659632147056982e+01,4.372108147411927348e+01
-6.496118048671633005e-01,9.382383611751720309e+00,5.990652599837630987e+00
3.969712141421041451e+00,-8.786596540827304125e+01,-5.887161356513388455e+01
4.747866941994288936e+00,-1.158302246220409870e+02,-7.700315145542845130e+01
6.513647940664668567e-01,-6.418010719586163759e+00,-2.285044815158471465e+00
6.295326976107899100e+02,9.194461135519668460e+01,-6.074430213420419022e+02
6.001240383186086547e+00,-5.548309019999578595e+00,-5.965683138230815530e+00
3.339162051049061120e+01,3.645219387265387923e+01,-3.133514287380967289e+01
-6.619819355091312900e+02,-7.448386077652685344e+01,6.399636326679610647e+02
7.847707317350432277e+01,5.012501419702311978e+01,-7.684941975639776501e+01
5.978760264348238707e+00,9.876935011474415660e+00,-9.029100071347784251e-02
-9.855437409807927907e+01,-7.217410825705155730e+01,9.585654412468738883e+01
9.721620904747396708e+00,1.641600624076090753e+01,9.757695104926824570e-01
5.249327483989036409e+02,-5.343703573799430160e+02,-5.020577148927841336e+02
-1.019897700186935253e+03,-2.185916378895053640e+02,9.851638036555377766e+02
3.804046751579517149e+01,-3.122106158756650984e+01,-3.640955727384425700e+01
2.927293248695377770e+01,-2.630940270924475044e+01,-2.823592342599295080e+01
-8.369065287942066789e+01,-8.089701585663715377e+01,8.032475243688895716e+01
2.111486469279043376e+00,-7.239355237409472466e+01,-4.753361572441644967e+01
-1.616000173534266651e+02,-1.473340986805851571e+02,1.554982453586580959e+02
8.054734551398723852e+00,-1.150321834522765130e+01,-9.757273953640833497e+00
1.644721059051807970e+02,8.980043081323674414e+01,-1.606833060325225233e+02
2.469509504080633633e+00,-6.632368234684690833e+00,-4.922228555427864194e+00
-2.380538339582926710e+01,-8.277271263825241476e+00,2.333197361510246992e+01
4.757034602312633069e+02,-4.031150155156574328e+02,-4.580216701009776443e+02
-3.865599846006989537e+01,3.132107002555858344e+01,3.683576421532779932e+01
9.130361451068893075e+00,1.378048484760802239e+01,-5.571030869105015881e+00
-1.911696412557867006e+02,1.166220816670684144e+02,1.854172187787480652e+02
2.321422678695234936e+02,-1.150004939601858496e+02,-2.259883943716995418e+02
5.895413853520294651e+02,9.467215690540615469e+01,-5.687954994491301477e+02
-1.049186138319782913e+01,-1.325340182159561664e+01,9.444749844085890800e+00
1.147051585536246421e+00,3.834184630424715579e+00,-1.404785676859319210e-01
1.943621327867731452e+00,-9.705815877998247743e+00,-7.125687862280756235e+00
5.501374591840431094e+00,1.545524838147684932e+00,-8.229298603706411086e+00
-5.117097163549624383e+01,-7.672327230358496308e+01,5.399844858984579332e+00
5.717991203913697973e+00,-4.117596229538321495e+00,-5.059787266422063112e+00
-3.639753203839063644e+00,-7.480115668266080320e+00,2.730867946695070714e+00
-1.507090314016677439e+02,-9.914228553310385905e+01,1.467297149490732409e+02
3.748277467782929762e+01,-2.530811350629664958e+01,-3.546020242408849299e+01
6.216078272331287735e+01,-7.431295286654494703e+01,-5.949750449019484222e+01
-6.206517797196283937e+00,-4.894384641433134675e+00,6.813216150883818045e+00
-7.011953644547611475e+01,-7.183846832776907831e+01,6.706873152028310869e+01
1.598417777141876286e+02,1.608090000665979460e+02,-1.625100314388982952e+02
2.012030778896587435e+00,2.327386247925460339e-01,-1.095959917642176151e+00
1.305692300417344086e+03,-7.355547186753246933e+02,-1.262364991076290607e+03
1.747556572756730020e+01,2.309167388617061079e+01,-1.627996347090083873e+01
2.786791562422740753e+01,-2.543243967939633876e+01,-2.691976149776019156e+01
7.456532135140150785e+00,3.575012062094174325e+00,-8.574103056969761383e+00
-2.055917312537785619e+02,-1.578355618845671415e+02,1.991582904891783983e+02
-4.427831612771260552e+02,4.381215246071224101e+02,4.231443379751872271e+02
-2.336540698452154174e+00,1.828336987574584782e+01,1.266517060459591448e+01
-2.667269386191037484e+00,5.615849570930004120e+01,3.770013993536122143e+01
-1.814554449620569358e+03,1.119944531410466880e+03,1.754987527494784445e+03
-3.304568151807907270e+02,3.351240896669169160e+02,3.163936383163090795e+02
6.501934097291086800e+01,-3.574676299695856869e+02,-5.390465266513638198e+01
-4.247560131179398013e+01,2.975906958722043782e+01,3.985932882013730705e+01
4.211439508267653764e+01,-3.218760413990821689e+01,-4.011105711781419814e+01
-1.338097480555297807e+02,-1.343779996357043274e+02,1.274668945579323918e+02
1.179202275365241803e+00,2.127758744265884161e+01,1.301744523039087653e+01
1.525663956889533438e+03,-1.041160425881273113e+03,-1.470875264431815594e+03
5.035680612549185753e+01,4.905126984079834074e+01,-4.823115000868347124e+01
-5.635743313001148636e+01,4.922366470843553543e+01,5.429225959279574454e+01
1.651207550519611686e+02,1.450534833084675483e+02,-1.591430867717095339e+02
2.867408934669401788e+01,-2.575316698988899589e+01,-2.775727633619681001e+01
-8.749191568419337273e+01,-8.329123642598278821e+01,8.404541266651904152e+01
-3.257517605808316148e+02,2.555429772340576164e+02,3.143918312396854162e+02
-4.880633265268988907e+01,-3.985560581146273762e+01,4.782945049944100901e+01
3.491087795002385974e+00,7.732490932568907738e+00,2.440556617453694344e+00
-1.213218782660609577e+03,1.050578751506953267e+03,1.164913879049709067e+03
2.501542529114522040e+02,2.059768017619790044e+02,-2.415068881414590578e+02
4.747125362526276149e+00,-1.157837404091842473e+02,-7.697377763874828815e+01
1.829368595033884048e+01,1.439114035386592150e+01,-1.871613075858476805e+01
1.887008288274519145e+02,1.132830138657009229e+02,-1.839285715252481168e+02
4.039315864210948348e-01,3.980170534597709775e+01,2.525236857100389898e+01
2.292752995060291141e+02,6.305491487612016499e+00,-2.230823156132828444e+02
-4.639366594700259157e+02,4.481848052968853153e+02,4.436127731401938945e+02
-2.794112356847908814e+02,2.004967231163318502e+02,2.702371613215655088e+02
-7.809383233761764131e-01,4.029720523394644260e-01,1.387495778501033783e+00
1.463002979522570968e+00,5.140423451084643602e+00,3.415793329870211892e+00
-1.882331705826800317e+00,5.199734574183821678e+00,4.328592896694317460e+00
-4.474104335638112389e+02,1.860333475149236619e+02,4.363830386425834149e+02
-9.734319958137348294e+00,-1.568725358066149056e+01,1.736451828473946080e-01
-9.263748058077908354e+00,-3.191266705165617168e+00,2.396427764324471354e+00
6.491964242668473162e-01,-6.834742959123104811e+00,-4.194507353939116001e+00
-1.880264239097014070e+02,-1.636694537169823889e+02,1.812794319936347165e+02
2.680234482810192276e+00,-6.035139074968174100e+01,-4.026855313475243747e+01
2.753396707586944103e+00,8.406564491800963879e+00,3.914965353440493345e+00
-3.612349578179419041e+00,-7.999582854332402349e+00,-1.915799938855343498e+00
5.670219322200864553e+00,9.481097122188657522e+00,1.587419711577240378e-01
3.108836721465922892e+01,2.634182339441031218e+01,-3.041680280283617321e+01
9.963970428832180914e+01,-6.329844008688814938e+01,-9.636374415108002722e+01
5.043302894639782608e+01,7.503228178806602955e+01,-5.664345433280686848e+00
4.685332996072247624e+00,5.335642381105571985e+00,-2.695225249874056317e+00
2.036480609562058817e+02,-1.446731872906675562e+02,-1.969542116366792470e+02
-2.508128356980159879e+01,-2.498288714932277799e+01,2.382793005959683796e+01
-1.264963162640342489e+02,-1.317749563322286122e+02,1.204038933523697779e+02
1.141400060749911063e+02,-1.061301491726189852e+02,-1.097373627207707614e+02
7.232281958365347236e+02,4.788236807611538097e+02,-7.012097204721649177e+02
1.820863255718722939e+01,2.007677767262794077e+01,-1.565194206738669891e+01
1.750394277158629848e+02,-1.652067413586773910e+02,-1.681032251853030175e+02
3.141627371291542659e+01,2.406832890046644025e+01,-3.173858501855283976e+01
1.174397021753014997e+03,6.134980039141955785e+02,-1.139089456099987729e+03
-8.446842647623270750e+00,-1.122760839271359146e+01,3.252191585634136572e+00
-8.106703825318254530e+01,-1.213050783933140337e+02,8.957293008163105696e+00
-6.278160317528090673e+01,-2.006931437950697728e+00,6.218440955108962953e+01
1.766114667640067637e+01,1.368850952223874629e+01,-1.815742596342897741e+01
4.473328427098749671e+00,6.624031964456662536e+00,2.082105063134804368e+00
8.194575039669871330e-02,-4.275239947950467467e+00,-9.043072605636552908e-01
4.288632021448574960e+01,6.362148815789259970e+01,-4.900359763953019865e+00
9.805749154380464461e+00,-1.226667921571061015e+01,-1.108670482225716114e+01
8.636546840099617839e+01,6.919158378371503204e+01,-8.414323360642083571e+01
3.859831377863883972e+00,8.732375544379465282e+00,-2.223551957547897473e+00
2.211428200178197585e+02,-2.318703363823806285e+02,-2.115564981426578015e+02
2.533314539047423750e+02,2.067114349031471647e+02,-2.446539711236837320e+02
1.075328601269167848e+03,-4.675614145982544869e+02,-1.037277986868983135e+03
-1.861654199048643932e+00,-3.621156897861510515e-01,7.458831733092665672e-01
-5.154615503922104836e+01,-7.761929760687053204e+01,5.247535292859538458e+00
-4.495645628403872252e+01,-3.117838470404967666e+01,4.406370662813787931e+01
5.132480251695960760e+01,2.046632617371506058e+01,-5.062636583793846512e+01
-1.769677322137431474e+01,7.700973303988575935e+00,1.609397245151922107e+01
-3.812371241700020619e+00,8.685219969134777784e+00,6.958132863044738770e+00
5.216897218456724659e+02,9.740041979786474258e+01,-5.032277725993189961e+02
-1.550009221234358847e+01,-2.481081761466339231e+01,1.129771412815898657e-01
-6.219871539389714599e+00,-8.305380530888214707e+00,1.869527674309210852e+00
-3.226166114584411844e+02,3.293032548336286709e+02,3.088222443405538797e+02
-6.034256258187815547e+01,-4.650355908356141299e+01,5.879654570405909908e+01
-4.824651111266575754e+01,-3.816274354013148695e+01,4.745974027743068291e+01
-3.051564214448444545e+01,-3.416822636936558411e+01,2.885781383556241053e+01
-4.479391045024385676e+00,2.699268182041123509e+00,3.719571294961497188e+00
5.435472769704647362e+02,2.976512744995270623e+02,-5.292837501455578604e+02
-9.506065006989956601e+00,3.697136124828830361e-01,5.361258781515061855e+00
6.726345564705843572e+01,-6.075497673708014190e+01,-6.474444558192044497e+01
3.204273582797686686e+02,-1.934471192650526064e+02,-3.108746284996159375e+02
1.511714830994606018e-01,-3.191891948925331235e+00,-2.795544310472905636e+00
1.150749509568340727e+02,-5.172223333493457176e+01,-1.121696869726292789e+02
-8.887075327624916099e+02,4.571812412205035798e+02,8.582064767142292112e+02
-2.298092500539496541e+00,-6.929511218331754208e+00,-3.365966364246560261e+00
-2.114824968390166759e+02,-1.692678636296186596e+02,2.045578384161035501e+02
-2.703318127532838844e+00,-6.677380848675966263e+00,-2.567563671153038740e+00
6.790244428769074148e+02,-2.323289939546666574e+02,-6.629256690433248878e+02
-1.084235275789978914e+00,-6.840201449347659945e+00,-3.400604129070416093e+00
-1.612721754325320944e+00,-1.318980594282038510e+01,-7.619439609115943313e+00
-4.394277171001658644e+01,4.055747516406700015e+01,4.246356937591917813e+01
-1.173137143165804446e+02,1.872012684347573668e+02,1.231127983397891512e+02
-4.736076181088719750e+01,4.761118570470716804e+01,4.560632470436394215e+01
6.468647082478855737e+01,-2.099138775218598312e+02,-5.740912325098179281e+01
2.039150470728054643e+01,2.970013364241458476e+01,-2.597332733537768945e+00
7.787896690508205211e+00,1.391692718956619501e+00,-4.315947778988629580e+00
1.524696500889142044e+03,-1.005944635004561860e+03,-1.470756905713118613e+03
3.242342907431520871e+01,1.005325327336322516e+00,-3.179800412734039128e+01
2.137131711030633596e+01,-2.120280351606197655e+01,-2.082201312528923154e+01
1.881421150639653206e+00,-1.833054164657369256e+00,-4.690048806136474013e+00
-1.074236556354910135e+03,-3.354076883211382665e+02,1.036768594844732434e+03
2.684337851962482091e+00,-5.975200946768745780e+01,-3.988892475655302405e+01
2.769571946555515751e+00,6.399605429731309414e+00,2.030822627013549209e+00
-9.338350578513836808e+01,7.007129398733377457e+01,8.945508387940935791e+01
-4.456076153512026394e+01,4.099732641957234591e+01,4.305259026261046529e+01
1.029533760994672775e+01,1.638309934688732028e+01,-3.420526456029620022e-01
7.425566097768023610e+01,1.117628734079189599e+02,-7.857541616278467700e+00
8.779641572781838477e+01,7.424682252021739259e+01,-8.514930520992493257e+01
-5.695254982863843907e+00,-5.065115749136020895e+01,7.217589070321992040e+00
-9.587737029942218214e+00,8.679246917366981506e+00,9.421787682222202420e+00
2.668664230499416590e+00,-4.716996061615645885e-01,-5.935669977669022046e+00
7.190136496210470796e+00,7.956844876520335674e+00,-5.586928257223917171e+00
-4.786999572068452835e+00,-8.623657150194048882e+00,-2.326776609261287376e-01
-1.665794365413603373e+00,2.391785180638544261e+01,1.623367483308538795e+01
8.765979601115686819e+02,-2.518176974204834551e+01,-8.464112887185765430e+02
2.575257241385988891e+02,1.917589895859273383e+02,-2.494738888367464824e+02
2.445757348858751357e+01,1.840262416237965226e+01,-2.440034083625505446e+01
-1.884841868854127824e+02,-1.639231890309893060e+02,1.817273117598761019e+02
9.277785969045944512e+02,4.281158042477327399e+02,-9.016513604757201392e+02
-4.713742311239911942e+00,-3.910166760208085179e+00,7.744489309843629599e-01
2.369120913092046976e+00,2.346043423039373010e+01,-1.122357649674086133e+00
8.608339415950467810e-01,-5.444858957407996058e+01,-3.517128738644532859e+01
5.833764446200802922e+00,7.171147955115884542e+00,-2.707428977009840310e+00
-3.002284732026746497e+02,3.668837451629806310e+02,2.852663099770434201e+02
-9.081347518367692828e+00,-4.797756141633726656e+00,1.122984775590884965e+01
-5.101523488035891205e+02,1.525131761112716049e+02,4.946480990846175700e+02
-1.104313549352344126e+03,-6.414889723829401191e+02,1.071820596896883217e+03
-4.819542326219379902e+01,-7.206078847730532289e+01,5.211473877468961291e+00
-3.354633657643425977e+02,2.787505350883584470e+02,3.232949827935080975e+02
7.362065643392270431e-01,-5.172510392824187875e+01,-3.334441499039530754e+01
-4.205373095559480134e+00,8.654226814629510045e+00,6.667134440271183848e+00
3.143330969632916094e+01,-2.212734454905148596e+01,-2.904790887678973377e+01
-3.203827051687112544e+02,2.803080834135034820e+02,3.083406978396233171e+02
6.445184518583118916e+00,9.742916717892512679e+00,-1.243784853926626965e+00
2.929939009808003902e+01,2.720493162050843239e+01,-2.811253920840681531e+01
-1.029149608919396996e+00,7.691727762459777296e+00,2.225792801938951015e+00
1.011118914201142616e+01,2.073196797835407779e+01,-1.033064646832644939e+01
2.477861027908511460e+01,2.460244117211550474e+01,-2.336229503058711998e+01
-1.464670576656208141e+02,3.779091748356295284e+02,1.331233238824643195e+02
1.411553725556237623e+03,7.217520621328731067e+02,-1.361337014842778444e+03
-6.320476736174896359e+00,-7.011365431360900402e+00,5.207975994082516991e+00
8.844085924735918525e+01,-5.921111634944099933e+01,-8.499951060838066041e+01
-1.512754324404522777e+01,-2.225180139153962955e+01,1.383977978444090695e+01
-4.141052537393989041e+02,3.964365519302427856e+02,3.971965690366923809e+02
-1.834197462303563952e+00,2.724277102388441563e-01,4.137746090855216607e+00
-9.941782769295969047e+00,8.585839987965300679e+00,9.557900535874068737e+00
2.648121974688256159e+02,-3.545356725368765183e+02,-2.506567842578515410e+02
7.172182257452368503e+01,-6.350929033767897636e+01,-6.901793764089234173e+01
1.734175083113368601e+02,-1.683415288542164490e+01,-1.691669515281100757e+02
1.635137365728151053e+02,1.563984584792342503e+02,-1.569162498557925574e+02
1.362786387413041666e+03,7.606407109636929817e+02,-1.320313217271585017e+03
-9.317254195721034193e+00,3.782230322365649045e+00,6.480337218497879803e+00
-7.565970177267445251e+00,6.114601845503784716e+00,7.081360860378481448e+00
-8.784460408845916390e+00,-1.219929024833254516e+01,1.642255846876651049e+00
-8.036733814199105836e+02,6.571756743033547536e+02,7.742181631675921381e+02
-1.010955802591852262e+02,7.011394452565582469e+01,9.751278266729786992e+01
1.791372409439645708e+00,6.852458989946171641e+00,2.748390401946380734e+00
6.681423316795844585e+02,5.641232162692831480e+02,-6.433645584161713487e+02
-1.447774839020712534e+01,1.512096604611724615e+01,1.483649172820150852e+01
2.950736203638298321e+02,-1.705617152678114508e+02,-2.865074507079552859e+02
-6.351930336328223348e+00,-8.514652975136414170e+00,1.871648114407435060e+00
-2.669967822995167808e+02,1.934908857265836559e+02,2.581069483798928559e+02
-9.465095635994657641e+00,1.482317910715937614e+01,9.567692303098738194e+00
6.955811376217752695e+00,9.493624396156519651e+00,-1.205300889821955934e+00
-4.229686029235599563e+02,-2.289771326725021936e+02,4.067943120974814519e+02
-1.982768468558788300e+01,-1.840639184694737196e+01,1.907255904146586545e+01
1.486024755541948252e+02,-1.497408544512582012e+02,-1.424419451716821641e+02
2.498227633815258741e+01,2.916787540353834629e+01,-2.356508858871166012e+01
-1.287750295450678095e+00,-1.976890539750456810e+01,-1.200771546061150730e+01
-5.137001781113212928e-01,-2.560067931003868580e+01,-1.613494224566966295e+01
-5.530251454506469599e-01,-5.587042541359551251e+00,-1.509326989762485027e-01
-1.399041495984420180e+00,-5.556545873754657805e+00,5.412387369942734949e-01
3.360598011742695235e+00,-6.454820716287940741e+00,-5.236492855008691549e+00
7.481899948883801699e+01,1.125835332507267594e+02,-7.925161152699729428e+00
-4.599453770380932838e+00,8.316820583306252956e+00,7.083691512700170279e+00
1.464031006224104203e+00,-1.579187359358184040e+01,-1.142560811364091933e+01
-1.288508508172162692e+01,1.440774145699106157e+01,1.355119081307202578e+01
-1.025248173377476633e+02,-9.161639563017524779e+01,9.882096809892391320e+01
-1.852246379436110146e+00,1.218339602113701403e+01,8.797783816931769252e+00
-1.046419260604670853e+01,2.956407189019955695e+00,8.235462265554815531e+00
3.540492766012357606e+01,-2.757519748620688915e+01,-3.326509362971410155e+01
1.291052054008468986e+01,8.767744340584613383e+00,-1.379250539827626199e+01
4.816932912240736187e+01,1.249291174419922754e+02,-4.809230701369233429e+01
8.570977853145450354e+00,5.928144081495702267e+00,-9.935413307306589559e+00
-1.548199382186867297e+02,-1.762186650105359149e+02,1.473850803728200844e+02
-5.235027546194032766e+00,7.960504068760201335e+00,7.150569797260686755e+00
1.582427467366214842e+02,1.227930898820050061e+02,-1.533002723374265770e+02
6.132533321622759104e+00,2.244052430381998420e+00,-8.755912254258873872e+00
8.994334530085325241e+00,5.003732777084223926e+00,-1.006086107476585312e+01
