-4.396969857000623261e-01
5.831437777492631813e-01
1.299934454022241281e-01
1.570732028313140738e+00
8.896430288617567239e-01
2.029431875826990250e+00
-3.101355425883378647e-01
1.739068442848432650e+00
1.732913495919163438e+00
-4.809272733888265705e-01
6.079297986523650721e-01
2.583327922545527677e+00
2.866225378374308574e-01
-1.789039864926997847e-01
1.758730589332841987e-01
2.108180250911605436e-01
2.238965809790642414e+00
7.862428069590716717e-01
7.956857966708930086e-01
1.157304102668681445e+00
2.584998304640182987e+00
7.438928392505379517e-01
7.932659963234477418e-01
2.234231727316195126e+00
2.231113357735081237e+00
3.379051004681672410e-01
1.549229257574390228e+00
5.937788537671270239e-01
1.233818843719584279e+00
5.811514582364996073e-01
2.167838510875276015e+00
5.405797238546092842e-01
-3.227584445669373636e-01
-1.055306327023401991e-01
7.587970678515183476e-01
1.511140516614450924e+00
1.262447379640679213e+00
1.145278864812847353e+00
-4.196817904232599261e-01
1.488190008267149533e-01
-3.513464088360387372e-01
8.692155343829890413e-01
1.162166782291010003e+00
6.038634157470101904e-02
2.058862234658244361e+00
-4.803919286328444116e-01
1.022108575661406560e+00
1.876638910256928749e+00
2.528005793635574427e+00
-5.029881316277478032e-01
1.514864244065838195e+00
1.959472938894044391e+00
1.166869007706649253e+00
1.740031951571426871e+00
-4.882923134476417903e-01
-2.566136794766824547e-01
2.405753151249009569e+00
2.564442981133044697e+00
1.235993659166050529e+00
7.017194409322162763e-01
-4.884590615101087607e-01
2.412737785488541231e+00
2.542849109027974119e+00
9.767272330924061663e-01
8.597122345807584054e-01
2.645790308119356560e+00
-1.581458141336873346e-01
1.464157862558738366e+00
1.375497467233036231e+00
8.945061427734215531e-01
2.529765909197572160e-01
1.521708943873663511e+00
1.926376128266769960e+00
2.334689220097815987e+00
1.274692057470233175e+00
1.086649124865898930e+00
1.452379384108984928e-01
2.368868420997561230e+00
-3.618862628345875798e-01
2.493226408216380197e+00
1.276302105732447512e+00
1.814053992500519463e+00
1.809134895875144533e+00
1.870326158988851573e+00
2.331426866287884536e+00
8.085347716517875538e-01
1.235051585592960466e+00
1.804463222467838968e+00
1.574494274915665404e+00
4.724607532285964862e-01
-6.087297803540538954e-01
9.536971590278022770e-01
5.421884647918956412e-01
1.266617882842400844e+00
3.241004043520679945e-01
1.182535610050594155e+00
-3.170612100610268325e-01
1.591643310890815677e-01
-5.653078603328005602e-01
2.544610959532501049e+00
2.594756619243890228e+00
-3.929372903192884792e-01
1.415619756427600739e+00
-4.442223293261391426e-01
7.823895015833745026e-01
2.646649657341393347e+00
-2.973185726028095832e-01
7.640491477199252701e-01
3.384625108595521459e-01
9.081941549482075438e-02
1.271357247172056670e+00
-2.830159868035719839e-02
1.756094377442137811e+00
1.021545873425774298e-01
2.154383530220040477e+00
-1.711130322000140591e-01
-4.955393673356069950e-01
2.009885063301555697e+00
-3.359144820393469288e-01
-2.012145150678170680e-01
1.776544516469212187e+00
2.695568460357880891e+00
1.469986132731105677e+00
-3.395503896183293957e-01
4.346315698583766984e-01
3.919929242044631890e-01
1.046126984058736165e-01
1.591704490174384645e+00
-1.708807284880327071e-01
2.225523796459541792e+00
8.856420949101881934e-01
2.546649102079920901e+00
-4.097972160557434851e-01
2.246596457437584959e+00
6.089640595289094183e-01
5.578662410574368735e-01
9.207173889658215593e-02
8.410440405652681584e-01
2.208195970051945345e+00
1.362682105313264280e-01
2.055545354308588868e-01
2.648109166134385184e+00
2.480198464638319944e+00
2.202942948851196014e+00
-4.811740833834028397e-01
1.684771057896938595e+00
1.446472899223471442e+00
8.197545690442337163e-01
7.999100246267737413e-01
1.664229441691490452e+00
1.454785542542860632e+00
1.236161025855316620e+00
2.402974644212282351e-01
2.327037917786785926e+00
1.527600522955187667e+00
1.539149766396350483e+00
1.979686574429541546e+00
1.512135264073841689e+00
1.962085386813501309e-01
2.690435275648155322e+00
2.491394347345118110e+00
-3.420531144739524798e-01
2.066811647855967937e+00
-5.384672295079993010e-01
1.587082718762252043e+00
1.044603103994923288e+00
1.423575646031239206e+00
1.859529356611324236e+00
2.140945879401763730e+00
1.091441220428639669e+00
6.278972043665884684e-01
6.047164452641202725e-01
4.248077039452407000e-01
1.655786378512933643e+00
6.651541930706652561e-01
1.533578011514165063e+00
-4.241321874977916906e-01
2.048347240820403314e+00
2.257257223231031951e+00
1.422195175766994613e+00
4.015497732545327825e-01
-1.332852251018392664e-01
6.585968409129252521e-01
2.515647443442162956e+00
1.630390938133594148e+00
5.323618488239905133e-01
-2.486748703850121256e-01
1.702621405533185861e+00
-6.643347991533654628e-02
1.439878375443548464e-02
2.181896742234511688e+00
2.287329846449131843e+00
1.167235774453003083e+00
9.120820090662637991e-01
2.143980201671112695e+00
5.805624063606484864e-01
1.922659165370336432e+00
1.325092870768368014e+00
2.493983947440522986e+00
-6.258737858917227115e-01
-1.213175180950225585e-01
2.574801477788420723e+00
-5.258705429285637223e-03
-4.207459785843854494e-01
-1.253074212476770199e-01
1.873830904444119039e+00
7.294729530664963990e-01
1.589749808269428133e+00
1.488793190752053963e+00
2.686636034407270390e+00
9.221277505117464468e-02
2.012804590602947030e+00
2.639498464898979435e-01
2.615350612032821154e+00
-5.964597275065486315e-02
6.819945621639197375e-01
1.025726542175112943e+00
-1.290933821138315896e-01
9.081191433432204141e-01
7.463780373275342717e-01
2.157966277516223386e+00
1.100213012552011760e+00
1.411798423804779379e+00
7.497122142793157806e-01
1.111088254242546425e+00
2.146457360136421189e-01
2.010560972065419172e+00
1.706052476998242362e+00
-3.216839194693241755e-01
2.059472988091537893e+00
-1.957904751390291409e-01
1.516184566437286163e+00
1.677815496139658524e+00
-2.257119381217309595e-02
8.800014805242889482e-01
-1.848419799749339010e-01
-2.215315016782752888e-01
1.110684797541462876e+00
1.722492131662725079e+00
3.331162423118070315e-01
6.285719780721563676e-01
2.574354245675752217e+00
9.515585125240137998e-01
-3.885531603861553940e-01
1.903194694772906370e+00
-3.895596900845543775e-01
-3.264581803264638982e-01
2.077558759170525793e-01
2.133847889948111698e-01
2.330423540240029734e+00
5.897978073665992582e-01
1.197459079115363867e-01
2.033265145808829111e+00
2.350493718706117008e+00
7.283089985537183342e-02
1.586008152443517671e-01
5.052408329686357558e-01
1.762904463081924611e+00
3.348207205171483958e-01
2.499486556777808843e+00
-1.446872411969120087e-01
-1.834730393222803180e-01
1.655448252412128340e+00
4.821445891347519996e-01
2.447165157342090502e-02
2.693359161353473308e+00
1.575593499278762133e+00
9.102896837908069916e-02
1.973794492483854857e+00
-5.894513403469816559e-01
5.206746866922054018e-01
1.776986864116518516e+00
1.242266948019366213e+00
4.963147710690660741e-01
8.298184289746873832e-01
-6.327968709057230079e-01
-6.215608610041203352e-01
6.426993437089323358e-01
1.681673610824912402e+00
1.111745126389639848e+00
-4.568493563143711800e-01
1.702414432737507255e+00
-2.649341606879638267e-01
2.693880565022013229e+00
4.487798676420095001e-01
3.951323921212753776e-01
6.597708147424048430e-01
1.559531962042489450e+00
1.525650596211697296e-01
-2.752160277310831127e-01
-5.801033519078679923e-01
-3.988735702492436364e-01
-3.786305618695575692e-01
2.109586852807749935e+00
8.856367721322111475e-01
1.372537709524960237e+00
1.670370172705049061e-01
-4.076161698720528470e-01
9.051177566471674263e-01
-2.688739359150380537e-01
1.631986546721172715e+00
1.968005741919792939e+00
2.241422771939651781e+00
9.058169175949901675e-01
1.202567464592040114e+00
2.121095249415456685e+00
2.051365508143134786e+00
1.500141342859728111e+00
2.221729512696458464e+00
-4.043753188004808319e-01
6.812942630148310919e-03
-4.572030603895615997e-01
6.009028418640971481e-02
4.068433852328453559e-01
1.700365243938731785e-01
2.212732213265718784e+00
3.228429994736150555e-01
-6.105675599963287237e-01
2.426159309836738665e+00
2.719158260947473593e+00
-5.115768137208054345e-01
3.596005104964641319e-01
2.025619858942731000e+00
6.414206924060195103e-01
-1.759226496932773109e-01
2.495045286300502152e+00
-4.429482438391914023e-01
-3.269883773522486159e-01
2.716378984156259335e+00
2.138451017513494978e+00
1.688165372411838394e-01
2.471353492010312181e+00
-5.093370169438566908e-01
2.026344829639292300e+00
-2.490389212091468352e-01
1.208785336185627113e+00
9.068419621349569359e-01
-7.591595556024133273e-02
1.915193148993280525e-01
1.748409194288589319e-01
-3.287978084344782559e-01
5.257740130338554030e-01
2.240939485336762793e+00
1.081118793874308981e+00
2.638880194767788012e+00
2.392920714875803156e+00
2.352839189667764508e+00
1.718424866016852848e+00
-5.556140248408758531e-02
8.007335260101480223e-01
1.364349566798445323e+00
4.674472330220273975e-01
4.276711435012297002e-01
6.042076786425183421e-01
9.002936981299958230e-01
-1.339565514730116647e-01
1.926917280277356426e+00
-1.866736864409674901e-01
1.075834250261898939e-01
1.201136866468334174e+00
1.460554839396012161e+00
7.486278254310474445e-03
1.073021368149297494e+00
2.455604809005256683e+00
7.245047231247120356e-01
6.807214316478102933e-01
1.614268680843067738e+00
2.137267208147196840e+00
-4.177683913945380301e-01
1.564043210432872755e+00
1.525355659171056644e+00
-3.667251553147843346e-02
1.785505128489031090e+00
8.744394926413604496e-01
1.746400420415576304e+00
1.155123288094365375e+00
-4.228329617925421502e-01
1.416119506339799772e+00
-7.212793476087986377e-02
1.753370468628769441e+00
2.277491225375592343e+00
2.210403619781589057e+00
8.152050713121148373e-01
1.382435754985454457e+00
2.385368157060711702e+00
1.947370962588393040e+00
4.169969268060804701e-01
2.016866009933972137e+00
5.927079754679260848e-01
-4.220834834408553338e-01
2.622785892960582954e-01
-5.891941665528197536e-01
1.234078567986292008e+00
3.858030951778343987e-01
1.633954569480673857e+00
2.314298666659294845e+00
2.515844987619726858e+00
2.408018712043300535e+00
1.224580355753875915e-01
2.431043001640547097e+00
1.568442523412542755e+00
-2.418749698975708462e-02
-1.090800083140917032e-01
2.407692079095257842e+00
2.286799205157931780e+00
1.681353390275504012e-01
1.738997223923382851e+00
1.025360842356376256e+00
8.446919535526642431e-01
1.906507195295420676e+00
-5.967767604855067631e-01
1.569281321050515654e+00
2.387990311535439503e+00
-2.559484902264383965e-01
1.017661603274832016e-01
1.093688629530340073e+00
2.280615993208826353e+00
1.573571626949148428e+00
-4.111513542520379705e-01
-4.560792015385759512e-01
-6.156811467683520611e-02
3.543208500209683587e-01
2.505507534553837345e+00
-3.337678636937901899e-01
-4.376230973440446981e-01
-4.281765757500028968e-01
-2.655630363304914976e-01
2.647301099736848684e+00
5.844094460573716621e-01
1.436824779393173657e+00
9.849952727927090423e-01
2.127146521321736650e+00
1.484513706705858693e+00
7.048506856800789144e-01
1.648553681229464551e+00
2.229001201960719492e+00
2.243211378696267744e+00
1.420943121744293380e+00
-2.828509777541001746e-01
-6.441777151256613543e-01
9.014269790211237865e-02
7.537468650197254316e-02
-5.788351650051810626e-01
4.482459122589452782e-01
2.046381217120811780e+00
3.046819872897245096e-01
1.659039126969360289e+00
1.002149140848305198e-01
9.582739085123403999e-02
2.398880406701465962e+00
2.581314621390428332e+00
1.329411286924109037e+00
2.442135982178018416e+00
6.927553099133838543e-01
2.576512396076700906e+00
2.987715606651528688e-01
-3.495556230316299029e-01
-3.063627879598675996e-01
6.286773722730603087e-01
1.423516961784701884e+00
-4.173293621583329394e-01
-1.159048516699250353e-01
1.430882950619884131e+00
1.317820998344733763e+00
2.327951977524482352e+00
1.642721232543065346e+00
-3.197843505328961111e-01
2.645150859610245320e+00
-4.215210696353566266e-01
2.661837747980259294e+00
2.624527917974219360e+00
5.592332599453506692e-01
-4.758264336941175898e-01
5.295225995357082382e-01
1.009144905621059518e+00
1.518406184677066229e+00
2.201042267223292992e+00
-5.954784462369657749e-01
-2.077052292744094864e-01
-2.960754831439396106e-01
6.166137627704864066e-01
1.034795864024063317e+00
1.250016766130946255e+00
2.434006708321793777e+00
6.060400083285226724e-01
-1.819602821014301153e-01
5.638351044105238685e-02
1.491117139075742060e+00
1.782441166632571683e+00
1.755431827420980362e+00
7.245183735548226256e-01
-4.261955072990923910e-01
1.763802729292496263e+00
1.065045480991925198e+00
1.777984445045791118e+00
-4.741050121554841734e-01
-5.836351202750602596e-01
1.966960408533238169e-01
2.148674121334721576e+00
1.811741804437928094e+00
1.423597999288696903e+00
7.630767036608765430e-02
3.102550867990377936e-01
2.418423935191808649e+00
1.937133233114374020e+00
1.200589360551902463e+00
1.009838107750966163e+00
1.677912296348257337e-01
-1.718955211019861373e-01
-2.899136799648700524e-01
-4.584517752031325166e-01
3.203034061188893000e-01
5.854614716227868332e-01
2.411246733356794625e+00
-1.028621413751054092e-01
2.679973393635199486e+00
2.686768540544826500e+00
5.207950608080651467e-01
2.163086690764813191e+00
2.215339772846453670e+00
1.965382189400392665e+00
1.037889216029479922e+00
1.286844501809195851e+00
1.490097217030661447e+00
2.703796589646889181e+00
4.247758024713563785e-01
2.539352495623338868e+00
-1.066946106547563833e-01
6.830254407261222571e-01
1.504774178112874949e+00
1.541488435998684681e-01
1.308068849707006542e+00
2.685450824582641616e+00
2.585084375988105698e+00
1.748731220699596633e+00
1.589133579471982305e+00
-1.344491035538741830e-01
8.106505621911374027e-01
-3.598609766272842236e-01
2.444887614113478769e+00
2.569271391940427751e+00
-3.038651993650964833e-02
-1.164187496533579669e-01
8.486705831895251517e-01
6.918713475394857593e-01
1.105777038747891572e+00
1.409794076513375183e+00
2.174841700516222165e+00
2.470597847789431256e+00
7.837324444052707895e-01
-8.490581792734630540e-02
2.718789562045210717e-01
2.076873087122343975e-01
-1.532842461748451512e-03
-2.125095877548315304e-01
1.030847482812998761e-01
2.525524255470992241e+00
2.261303064119734696e+00
-5.924804795535143498e-01
2.031391990927332358e+00
-6.084514525434099319e-01
2.241645127296458817e+00
1.996543667087619767e+00
3.375155326649943444e-01
-6.778543627103950087e-04
3.445377180669916273e-01
2.522527230137028287e+00
1.067309187762656819e+00
8.220952185497867326e-01
1.583024290086445518e+00
1.636057451399356211e+00
2.691332399509093865e+00
1.559334511230857423e+00
4.162627773358864580e-01
2.593399122947173119e+00
-4.552958994033249329e-01
2.585206498895270544e-01
1.264005937728474027e+00
8.400224314120371405e-01
1.478026786851107222e+00
1.426702291060353511e+00
7.698239162201081509e-02
1.619593444659810588e+00
4.114431057274061665e-01
-5.689600368235256944e-01
6.536677467733349456e-01
-5.183694247121146681e-01
2.353150431804176712e+00
3.624645251798201961e-01
7.567479611422048835e-01
1.758394895907060773e+00
2.043472807062542529e+00
-1.482574675059518121e-01
9.339222097906572095e-01
2.264733780550721498e+00
1.753070949038578075e+00
1.541360142022611956e-01
-4.406711162800107662e-01
5.375521424240004009e-01
-3.835430200538467727e-01
1.459967199797961523e+00
1.082759161980337170e+00
1.903403199201117779e+00
-5.597951028551497732e-01
1.417744478105696926e+00
-3.722915703773439500e-01
-3.962353481579528047e-01
9.552646612821154015e-01
1.450952649991033239e+00
1.128671720798422040e+00
1.398425554363820655e+00
2.326990406156416391e+00
-3.639896668741449126e-01
1.719616144851594086e+00
1.232290415059817734e+00
-8.187724592022505021e-02
2.641529675742602112e+00
3.351059961851510227e-02
-5.835207799049662025e-01
1.204267965969231025e+00
2.154977178518888259e+00
9.247615495468232139e-01
1.618222499529984093e+00
1.527448718057571320e+00
1.304658396721700919e+00
-2.107112412597549334e-01
1.211382693404893685e+00
3.717372424447376034e-01
6.434115373613227273e-01
2.696957343155619746e+00
1.159950351964446513e+00
6.418689864680193757e-03
-2.683180737224430956e-01
2.703479602478603194e+00
2.366419673290949710e+00
5.266114165852066042e-01
1.351221373562720318e+00
4.623735824676851180e-01
-4.825933102832442589e-01
2.127728463811851434e+00
1.854198617265923055e-02
1.228537045979236630e+00
-2.937967121631279710e-02
2.011303309762354719e+00
1.602276511867661846e+00
1.249197697194920353e+00
6.476434852438943679e-01
7.183415253611097340e-01
2.422454388360829380e+00
5.432982477412413580e-01
1.927925086499317153e+00
2.611507431580286642e+00
2.642035140259037185e+00
1.074697802727152762e+00
1.867392726982024076e+00
-5.495159721193765279e-01
2.699435479849233488e+00
9.477006075105236516e-01
2.348913969144152514e+00
1.826232795496564254e+00
-1.971727282890050059e-01
2.720335319213249115e+00
2.806094005262088631e-01
1.333001316064717612e+00
1.116750644051541785e-01
-3.938607731759034003e-01
3.407615039866631612e-01
2.606950228209827802e+00
-4.296710075613674462e-01
2.337998331496503823e+00
1.792541849137907484e+00
1.610072844564861327e+00
-6.457335778585093777e-02
9.700077175207406643e-01
1.486718363275868704e+00
5.514042069411019265e-01
2.455374932743843441e+00
2.171667286562419363e+00
1.384744565270283889e+00
5.060337204585931836e-01
2.201677784016006889e+00
6.434180093205799089e-02
3.376025991668827331e-01
-5.235460412398671437e-01
2.146976874970033311e+00
6.338081425585466722e-01
1.436148860793779791e+00
-2.973970468142717039e-01
3.448948867777319460e-01
1.933352099775278443e+00
2.301799584798743581e+00
2.590772381858825746e+00
1.390994570725550439e+00
2.293950741194663578e+00
-1.258889493418635652e-02
2.968331537552981736e-02
1.202448660706745276e-02
-5.784208158694421620e-01
8.370862577919805370e-01
-1.909466603850749067e-01
5.552878006759971452e-01
6.341751583836966466e-01
2.492176381408151009e+00
2.457421138628382629e+00
1.363101585464098209e+00
2.536223645836056306e+00
2.482576534070306096e+00
1.670688881795646008e+00
7.424577628964250664e-01
1.299938444385751124e+00
2.137139530542432553e+00
1.828668200683443157e-01
-6.242828384281635667e-01
-1.684757888325982833e-01
2.164007736081419164e-02
1.482546727513609941e+00
1.924363194719743042e+00
2.727501747421023914e-02
3.338519736183539477e-01
1.977987578716523975e+00
-2.935702181737753769e-01
2.077419915811774764e+00
1.332598887537776111e+00
2.879644884735726995e-01
1.525508445876293084e+00
1.754033856303873762e+00
-2.138918978959725159e-01
2.156223722881622784e+00
1.024664014259108358e+00
2.308753461993497513e+00
2.190414552262641923e+00
1.716172642038704677e+00
-5.339391154418138274e-01
1.997973903602635604e-01
8.579768189936224365e-01
-6.033078666456810346e-01
2.671184464334099395e+00
1.944948597632067955e+00
5.160208509880712668e-01
1.516329408744671925e+00
2.273346910044383051e+00
2.504226351186590982e+00
8.619978568144831543e-01
2.707796298933723644e+00
1.640993248291626072e+00
1.147380304192494815e+00
9.131103430002792676e-01
1.588535971560308013e+00
1.334965094872336167e+00
1.430632469072645740e+00
4.332381309123745083e-02
6.639132172323325420e-01
7.587457620374814526e-01
-1.612352134469825504e-01
1.444719171400270064e+00
2.587872124778225036e+00
2.780458296717018829e-01
-2.839343629395230106e-01
2.382705861954836468e+00
1.789005330297051000e+00
-2.628120289492112960e-01
-6.217117778311040954e-01
-6.263429147762495930e-01
2.813574213730951623e-02
1.078636248064441361e+00
-1.865312794644677918e-01
1.860915332805023414e+00
1.105221722215371072e+00
1.702567119181130240e+00
2.338985733621849583e+00
1.650872019398805346e+00
2.476950440096994388e+00
7.332707581169806144e-01
1.115518975427240322e+00
1.691919581601304401e-01
1.631982389740338490e-01
1.672150984673602458e+00
-5.503224361132559306e-01
1.556428296708458170e+00
-7.971134073312513557e-02
1.472173470051740596e+00
-1.940596573327251217e-01
3.771191353754680398e-01
6.338736319855511336e-01
1.107432927351690299e-01
2.101126008390064470e+00
4.884925885722870564e-01
6.595496478847018285e-01
1.079721887696513560e+00
1.924459528819172149e+00
8.886036275376507643e-02
-4.204529343819805032e-01
2.177622793773392296e+00
2.620597055612661208e+00
-2.976375081526880795e-01
1.927625793905300533e+00
1.529585690619621685e+00
1.843365620906954883e-01
3.903189253210510579e-01
2.253115193865594890e+00
1.675181108647096462e+00
7.748787024474427243e-01
-5.199233056335663683e-01
8.465681536733655754e-01
1.745612572359465986e+00
1.624294279345454006e-01
2.050686211792967395e+00
1.539147969750261691e+00
8.712869714636851670e-01
-3.718250089030943339e-01
-5.842489787840619009e-01
8.016113782140146249e-01
6.744189485003135864e-01
8.184280843154654317e-01
1.265232563260793031e-01
1.752733430829227501e-01
1.149451467832056650e+00
-3.923967492281639213e-01
8.374384869123200348e-01
1.738656114017191001e+00
2.162190845317244481e-01
1.607393983522426240e+00
4.826578534243153307e-02
1.671201549065171488e+00
5.892545888029399048e-01
1.898102603037286062e+00
2.350075943361287223e+00
7.863543234567282880e-01
1.492403662327575820e+00
-6.263288364093757554e-01
2.062220396235647790e+00
1.474223371001607275e+00
-5.027290100583694521e-01
1.154926298820309505e+00
8.716429416159597876e-01
5.951193257130025227e-01
-6.376062066723240385e-01
2.356104320131426455e+00
-4.681841672750184369e-01
7.187248779370258855e-01
2.401325503091475966e+00
-2.206571347201853328e-01
-1.975553419627786855e-01
1.552188273417317799e+00
-5.392712381529334298e-01
-2.717909467853265593e-01
2.283416455034938508e+00
2.591757721394956526e+00
1.952991591431385787e+00
4.216926206069778749e-01
2.659270040058276940e+00
2.429576595856206112e+00
5.366098948276809555e-01
1.917598294952331806e+00
1.149564509794915868e+00
4.003750669884571511e-01
1.367799620132698735e+00
2.089019367513194503e+00
5.189868106638539924e-01
5.526905201919789512e-01
1.262913746562244199e+00
2.382180562895983122e+00
2.701339267453796822e+00
6.078896475504248498e-01
2.061330631940226699e+00
-2.777541776406795559e-01
1.929380200916654076e+00
2.657295992675674512e+00
-7.767116458841871740e-02
1.829605630728334376e+00
1.982582891137637526e+00
6.200509556797793032e-01
1.491609738493507198e+00
9.434404595358841794e-01
-4.653383642220723093e-01
2.626306609307926365e+00
1.760463928501247111e+00
1.578622201157364957e+00
1.425149573379409507e-01
-2.553105039871141901e-01
1.081437935559711239e+00
2.525465362972708849e+00
2.494012021529059986e+00
6.742293704733514081e-01
1.766432815352020125e+00
1.894605432633274411e+00
1.793615402405884574e+00
-3.546876106218401770e-01
1.361521719514108941e+00
-1.026455549880729290e-01
2.816242947638205596e-01
6.564387178351434038e-01
2.165426953970558621e+00
5.465500625682742086e-01
8.933371598531220092e-01
2.288347435999877000e+00
1.543242966943733308e+00
-2.039541330605370018e-01
7.700305170156946932e-01
-2.008371679110130259e-01
-4.578957339136120464e-01
2.125927145514502348e-01
1.299669368420053095e+00
3.355821415921528272e-01
7.267697602314324712e-01
2.651887023366460205e+00
-3.282522581695901387e-02
8.391959351475457574e-01
4.308344069281364597e-01
1.591812848435235628e-01
2.169027268202770919e+00
1.127924450305272330e+00
-5.390076399484944325e-01
-1.489318328722661899e-01
2.333886810089685904e-01
2.127682576477407661e-01
2.589520820845747640e+00
2.675317297319259602e+00
1.837567668379278540e+00
6.104426801386784174e-01
-1.272152491420968090e-01
2.305429747370490112e+00
2.207747966161180742e+00
2.278341785467116409e+00
-4.776234654576410055e-01
1.060791096036869163e+00
1.484105557942486886e+00
1.943690985309353136e+00
1.552099624570356440e+00
1.261116831793260840e+00
-9.482669086826089888e-02
1.633249739009732693e+00
-5.608889918442465650e-01
2.431210270012660324e+00
8.690278288062553980e-01
2.130935573500421842e+00
9.038045330359960605e-01
1.310817706767174684e+00
2.617202793378819781e+00
5.842639937601763478e-01
-5.617319194689647244e-01
-1.373576797258608817e-01
6.976646205249870114e-02
5.795253873786161414e-01
2.334538377592236813e+00
1.962111037506442113e+00
1.871026540446972142e+00
4.332296514430421519e-01
1.967520878650355076e+00
7.774413633516253919e-01
1.181449216906514277e+00
2.151520492534307216e+00
3.069805565422346616e-01
1.797686115655030115e+00
6.764509184853548796e-01
2.364460247070354626e+00
-1.263653281806593753e-01
7.296119522915215372e-01
2.828137044387151189e-01
1.154093672894524136e+00
1.503265685632757087e+00
1.264386995928423518e+00
-2.390570787506063333e-01
-2.454766195432740439e-01
2.598038132258655430e+00
6.871107575795889488e-01
3.557995428717589670e-01
-1.472239563850350486e-01
1.386757318830170060e+00
-1.187837574127859064e-02
6.573859445282097536e-01
2.494150822275573276e+00
4.787233339991456837e-01
2.029408300873026816e-01
2.648718692946157915e+00
1.144776187691517899e+00
2.027339255122728723e+00
5.160159440148714971e-01
1.744047820189924547e+00
-4.528028165991697662e-01
-4.442733534219871494e-01
1.497913136572920356e-01
1.928677548885404658e+00
-1.922901240648005050e-01
2.674925635809871416e+00
-2.534108760690307882e-01
-6.140417438583067877e-01
-1.367811611770841651e-02
1.666534477680019055e+00
-4.716562770302989982e-01
1.977718804127837071e-02
6.085046412984729258e-02
2.055801217916279455e+00
9.713023837406865590e-01
2.190803861748138015e+00
1.453077444294649911e+00
-2.518387191498028255e-01
1.593934653679459856e+00
2.179453499614748324e+00
2.052051581749388287e+00
