-4.782846845530364099e-01
5.555650406786649675e-01
9.753739519672877112e-02
1.553782825863861738e+00
8.653631811807885876e-01
2.017419716631474458e+00
-3.473287555871535925e-01
1.723931066071755280e+00
1.717709872686597583e+00
-5.199587389332172016e-01
5.806178365936848218e-01
2.577277415082749989e+00
2.558523059472054273e-01
-2.146847380045229237e-01
1.439108166889131457e-01
1.792318998443377387e-01
2.229208890270300891e+00
7.608500498870297557e-01
7.703946756663248019e-01
1.135905124266165744e+00
2.578965775706712371e+00
7.180442642323909830e-01
7.679488307081269172e-01
2.224423854280019874e+00
2.221271921300996155e+00
3.076868291492044216e-01
1.532048618141234941e+00
5.663145833365152981e-01
1.213243402948847249e+00
5.535512775843018929e-01
2.157316039429918675e+00
5.125428646017771150e-01
-3.600875194226824672e-01
-1.405216577224279728e-01
7.331089088912048357e-01
1.493549923346299213e+00
1.242180071346768777e+00
1.123750457286357030e+00
-4.580540632512426491e-01
1.165655724051827269e-01
-3.889831794908964469e-01
8.447158230496689679e-01
1.140820141511353469e+00
2.718110149214714166e-02
2.047166838058816829e+00
-5.194176321953416497e-01
9.992544710621680260e-01
1.862982221454571263e+00
2.521359847249502906e+00
-5.422570409208795628e-01
1.497313729737307586e+00
1.946707802998193015e+00
1.145572977561357897e+00
1.724904945158434177e+00
-5.274030498301049974e-01
-2.932308300358956732e-01
2.397791384535940651e+00
2.558189212707562277e+00
1.215441626203243697e+00
6.754169484061733897e-01
-5.275715926226143271e-01
2.404851195258610908e+00
2.536362923083330223e+00
9.533846834841026574e-01
8.351102380549941806e-01
2.640412091046433485e+00
-1.937031428661897259e-01
1.446061589167720207e+00
1.356446931029437586e+00
8.702786373896223004e-01
2.218442235369069149e-01
1.504232099896656960e+00
1.913254767300179848e+00
2.325962583494823654e+00
1.254556540159905031e+00
1.064489678188984323e+00
1.129459665711873839e-01
2.360509659365829016e+00
-3.996364752430476841e-01
2.486206126998752985e+00
1.256183917570917297e+00
1.799723694479255176e+00
1.794751653007832015e+00
1.856601525262968178e+00
2.322665116566900334e+00
7.833819457558639510e-01
1.214489412975641391e+00
1.790029697801209796e+00
1.557585565992400278e+00
4.436907210606102492e-01
-6.491368001050712433e-01
9.301067338808201024e-01
5.141689206169615112e-01
1.246395462190831083e+00
2.937335513795475972e-01
1.161408201486126890e+00
-3.543289648763687794e-01
1.270222507380939225e-01
-6.052475245822448446e-01
2.538143736602984646e+00
2.588829120258747452e+00
-4.310217087812204806e-01
1.397001061390436449e+00
-4.828587350128765721e-01
7.569552709084681474e-01
2.641280689550549177e+00
-3.343738349667086940e-01
7.384175175455337525e-01
3.082502390176488083e-01
5.794173035500982394e-02
1.251185836885582159e+00
-6.246139804497641279e-02
1.741140252907597663e+00
6.939890406085413854e-02
2.143716241151931712e+00
-2.068099287061302416e-01
-5.347281046563767681e-01
1.997662519342594978e+00
-3.733851569553523486e-01
-2.372353975611234400e-01
1.761810499313101186e+00
2.690726011700896869e+00
1.451952589733593202e+00
-3.770601982577959088e-01
4.054543775058698785e-01
3.623568068293817612e-01
7.188347207788126081e-02
1.574981016928871380e+00
-2.065751246805334063e-01
2.215622198885363492e+00
8.613191846817145336e-01
2.540203815931000086e+00
-4.480630999859271935e-01
2.236921667522673296e+00
5.816632293481027727e-01
5.300154387296285297e-01
5.920753266860367958e-02
8.162411159558700113e-01
2.198107870936658159e+00
1.038796963998400713e-01
1.739117585931112542e-01
2.642755907217392064e+00
2.473037962050877336e+00
2.192798310818310004e+00
-5.202082053743246615e-01
1.669049271643073373e+00
1.428186280382371720e+00
7.947225032168498959e-01
7.746643695107271466e-01
1.648286563478998712e+00
1.436588393711056177e+00
1.215610794280909124e+00
2.090286300299792899e-01
2.318228929269656291e+00
1.510187090773314811e+00
1.521860640151631028e+00
1.967139000395756288e+00
1.494555377395762275e+00
1.644651697233915355e-01
2.685537577888563732e+00
2.484354347429492460e+00
-3.795898602509204522e-01
2.055201811775061671e+00
-5.781180047245420006e-01
1.570309500818774850e+00
1.021991110789349788e+00
1.405042581218955533e+00
1.845688515564620547e+00
2.130133959234084440e+00
1.069333351669610854e+00
6.008001539679204139e-01
5.773698974850536292e-01
3.955247761075464386e-01
1.639752626566053806e+00
6.384581442544785546e-01
1.516228915781768771e+00
-4.625523605005235073e-01
2.036538670040360266e+00
2.247697176458342661e+00
1.403647252782330490e+00
3.720165174290803733e-01
-1.685749762364212589e-01
6.318302145035511463e-01
2.508868482602782279e+00
1.614083851917516910e+00
5.042365395646888349e-01
-2.852065745590099954e-01
1.687091744781111347e+00
-1.010036974390742248e-01
-1.930142610699259187e-02
2.171525581273925809e+00
2.278093475043649452e+00
1.145943691863614999e+00
8.880436749075704128e-01
2.133200940289720293e+00
5.529558856701761727e-01
1.909497798271867719e+00
1.305499823652059854e+00
2.486971819711361498e+00
-6.664653286970663171e-01
-1.564784593172809934e-01
2.568659199145001182e+00
-3.917049128073535336e-02
-4.591297054013112611e-01
-1.605113062915863864e-01
1.860143992727518736e+00
7.034691750279193911e-01
1.573005296540548326e+00
1.470962070448660119e+00
2.681697444943790920e+00
5.935008681279085874e-02
2.000613469877819295e+00
2.329355856154279314e-01
2.609644768741957943e+00
-9.414313549436825745e-02
6.554797683254125484e-01
1.002911378197428371e+00
-1.643380159233109872e-01
8.840381563700787648e-01
7.205562108040004521e-01
2.147337550000870010e+00
1.078199555677706423e+00
1.393138599291448676e+00
7.239262739151428594e-01
1.089191848941099217e+00
1.831008088934148459e-01
1.998345702996172868e+00
1.690559745293172211e+00
-3.590014290783989370e-01
2.047784165106934395e+00
-2.317529780189917510e-01
1.498648262901918216e+00
1.662018846313380926e+00
-5.666931611967296334e-02
8.556178596647743273e-01
-2.206866428458325036e-01
-2.577710584140640027e-01
1.088784049785587182e+00
1.707176341996321955e+00
3.028464279195638431e-01
6.014821903464300235e-01
2.568207153417728428e+00
9.279450688599099051e-01
-4.265903919147859824e-01
1.889823829167359470e+00
-4.276077550169545827e-01
-3.638270758962800500e-01
1.761367923795218449e-01
1.818262901456930702e-01
2.321650991596563074e+00
5.622906884406564387e-01
3.547763411140677503e-01
1.490556269645146648e+00
1.357559908222432554e+00
-2.511310140707447847e-01
2.286115637148936841e+00
6.489103879657147633e-01
7.163870671881111818e-01
2.591743833158256294e+00
4.737982558632065633e-01
2.321014219817230551e+00
1.781522935018104548e+00
1.945725648475203906e+00
2.506348390899621137e+00
2.504327062690460792e+00
7.624928499245374747e-01
1.871038341381839443e+00
8.071397159844484470e-01
2.512991342851150778e-01
1.693425697912715133e+00
-1.171624716983510339e-02
-4.542345664261091542e-01
1.456521853459598947e+00
1.911749465812599746e+00
1.785751140813066407e+00
2.649325855723416279e+00
2.352521438908879325e+00
2.686212183955410948e-01
1.152076622817448825e+00
1.042467132577894251e+00
1.182168271892017009e+00
2.223136407682881455e+00
2.672829462798742561e+00
-3.450707827711572140e-01
3.396774383568414990e-01
2.392509545996347242e+00
2.703170248305958978e+00
1.720818052340207238e+00
2.114810865111484972e-01
7.054604975945470979e-01
1.223617634525157261e+00
3.112808406718694521e-01
5.237906982922668764e-01
2.096359729558065155e+00
1.686120271733265286e+00
1.689717385270125272e+00
-6.688923192992013433e-02
9.008469448770862753e-01
2.145114478885000731e-01
-3.576621553696317513e-01
-6.143987507588297703e-01
2.124563745189955721e+00
-2.928764497954738921e-01
-5.880447056549260587e-01
6.869470648181210670e-01
1.970459581004131433e+00
3.688005189810167339e-01
6.340283358980117745e-01
8.896144657188181926e-01
3.873319725985415740e-01
1.881296999648832013e+00
2.285176415192041732e-01
2.964176400923170807e-01
-4.033351443014152604e-01
-1.197382031403142477e-01
-4.749301225802768922e-01
-2.793147312447530339e-01
-1.111564501692043905e-01
6.133660351524621301e-01
6.770701470229556485e-02
8.923294349607374665e-01
1.263318920043802196e+00
2.003603871521079771e+00
5.516565590499249438e-01
2.305419405315909387e+00
1.319512359052274597e+00
1.295568105381566859e+00
2.453120881769330630e+00
2.305406165106466343e+00
1.880315492154638335e+00
-2.957249353632496192e-01
7.805236097162659981e-02
3.941333589707618490e-02
2.627604318203747180e+00
7.661694535032930187e-01
-6.588974689878823732e-01
2.419046691281795169e+00
-6.277238213503055775e-01
-4.897678696965845901e-01
1.397854375260796811e+00
5.599280305186653539e-01
1.570126254332623095e+00
1.452022235840352948e+00
-3.591731660976069662e-01
8.624169286774667764e-01
-1.485108080666133201e-01
-6.198173288477868415e-01
1.393445688337626276e+00
6.368841277665252543e-01
1.659691668902856687e+00
1.408137715169763604e+00
6.137464294954786403e-01
6.031963914251836645e-01
1.716232432353676840e+00
-6.699985937491459431e-02
1.097574673449146498e+00
4.881581980965894463e-01
4.184708076150454037e-01
1.211371829778773446e+00
2.425959590437053670e+00
-1.675190337817913377e-01
2.363786141303235500e+00
-6.561609498428893072e-01
4.168793069580273292e-01
2.014421843020625769e+00
2.419766733484146837e+00
1.682428583832509261e+00
2.505508660219245565e-01
-6.166635466079490868e-01
-5.907762454902343308e-01
1.299802678295787661e+00
2.594192462853587289e-01
2.688605800084046926e+00
-6.722979267693218741e-01
1.041275634663424654e+00
1.350617858327069376e+00
-2.091044923806237854e-01
2.512525597778326070e+00
2.567353509134243872e+00
1.852243983562702923e+00
2.492512500949491283e+00
-3.573203356307075307e-01
-2.158708325707792142e-02
1.669672008313325628e+00
1.452984516479043808e+00
1.619842888743532328e+00
1.773471718358391458e-01
5.778506394644289390e-01
1.890372084277424314e+00
-6.673263139871747907e-01
1.693293080744694645e+00
9.323982679472542223e-01
1.917443997892264385e+00
1.877806543709040987e+00
-3.599187459330612793e-01
1.762553996900109166e-01
4.095907566373598874e-01
2.525301525205519759e+00
-1.148927834929238667e-01
1.935007001317774922e+00
-6.247876553034084068e-01
2.531203692149258000e+00
9.845150159571083304e-01
1.377805335678239373e+00
1.510789063317316661e+00
1.782878646870066142e+00
2.032737357327603966e+00
1.552106800735544745e+00
2.532583332789695163e+00
1.003269274549883905e+00
7.472290170057100944e-01
1.393777750887978284e+00
1.971506586326898791e+00
1.687928337663100908e+00
-4.982746605403007845e-01
8.496747338265037142e-01
-4.113232881028043852e-01
7.151339227324238212e-02
1.303936225155015061e+00
-4.624104731289264691e-01
2.061165047547228735e+00
-1.172096357589158533e-01
2.800851302422115996e-01
1.866381691520659469e+00
1.755614116340965536e-01
7.376876647901949857e-01
2.428348749740545820e+00
5.629597076069124961e-01
3.667223229502546422e-01
2.479509154507844038e+00
2.168583831169146325e-01
1.873112347660448318e+00
2.040578547879744686e+00
9.606443055750990556e-02
-5.645381890076068832e-01
1.027660492190684005e-01
2.360263148325436600e-02
2.137401558607142427e+00
1.617974820959939830e-01
2.493079977922420642e+00
-1.160630626517069608e-01
-1.402561632773580147e-01
-5.339221137073399959e-01
-6.954551438122691387e-02
9.950601407028801804e-01
6.488413013773562943e-01
2.171356638010667695e+00
1.260777044485800635e+00
7.502868649738263507e-01
8.960387125849658130e-01
1.619186121474896822e+00
-5.964349855054558169e-01
-5.527099280846137219e-01
2.642360895952937661e+00
7.944776769820292017e-01
1.430107929915990228e+00
1.837099652133937111e+00
2.086578138338010646e+00
1.459699488778925414e+00
5.804796711277973031e-01
1.673904367989005326e+00
-4.092663311421527172e-01
1.954508253368921533e+00
1.692968416825263667e+00
6.421962879668796642e-01
1.224039716298680913e+00
7.200968574003272504e-01
8.102240744078451629e-01
3.251201647942428830e-01
-3.741815138956796627e-01
3.260809626431870889e-02
-6.303300188694695994e-01
1.918718204905355496e+00
-2.289558538298392953e-01
8.635613197336674540e-01
1.608110834171948111e+00
2.501889996018830331e+00
2.643008431038466277e+00
7.995373242198444697e-02
4.852063825671696362e-01
1.104438015728283373e+00
1.426652659793046451e+00
-2.111438426956941949e-01
2.016483864739775811e+00
-4.782996142029471986e-01
1.120973421596832775e+00
1.505772654063528559e-01
2.036067982553855238e+00
2.298634397982444177e+00
4.973985313876294612e-01
4.715833399537411319e-01
6.648488028594585764e-01
-6.080400547719597704e-01
5.380505108964468430e-01
-1.103438529645408561e-01
4.517981789909277790e-01
1.635120611294422543e+00
1.577576539772194586e+00
1.150292195469623691e+00
2.456306459642120243e-01
-1.789624929579114454e-01
4.497227260047678143e-01
-4.116586477121118026e-01
2.941889553116874279e-01
-1.603035868330242586e-01
1.705358669120608628e+00
2.131955922632770006e-01
1.293399923708674626e+00
6.191816707425681354e-01
2.190234676877906850e+00
1.936360822097093148e+00
2.744854299819271537e-01
2.061523239233914673e+00
1.703775593431761548e+00
1.227285975268693319e+00
3.396713503148454105e-01
2.008029695499563783e+00
-1.018843836316556395e-01
-8.286510832731441845e-02
1.444312692648870300e+00
-1.981955784503701690e-01
2.142907799793395629e+00
-6.449241376899230715e-01
2.453788196970112523e+00
-4.887369503538219195e-01
-5.259908113145415065e-01
1.485475843781127736e+00
2.211081268617707707e+00
2.671550836029458420e+00
2.126583353767306228e+00
1.897565104363371224e+00
-4.974304266692923804e-01
2.535068656898755712e+00
1.988616577974349431e+00
2.237280737559001587e+00
1.894442748122645792e+00
2.710638004833484160e+00
1.947868019014674879e+00
-9.263736443394265940e-02
4.782624766087176793e-01
2.451315607225188486e+00
-2.858978727821737120e-01
7.908210356706875110e-01
1.473116810660986653e+00
1.904379642371825554e+00
9.161506478734139369e-01
9.005349660832199232e-01
2.653769534195219215e+00
2.335124515623539843e+00
1.607188702273321113e+00
-6.073142623362843828e-01
2.197119505711460974e+00
2.448821682936021205e+00
1.005736442600895231e-01
7.419128677616524392e-01
3.270562765111362236e-02
2.677293899352672035e+00
5.647835653105274245e-01
1.818060796858430139e+00
2.098851196391959828e+00
1.557349456188008130e+00
-5.128173454107676221e-01
1.802171584414419048e+00
-3.606848912723197298e-01
1.599662265143927176e+00
2.644109719614252896e+00
-4.417137383039699827e-01
1.569612174770897983e+00
2.649083443457719511e+00
-6.436217701022195481e-01
2.106297259791899190e+00
3.056453202485971410e-01
-6.820894020318006845e-01
-1.153633494967527540e-01
3.626491849832199632e-01
4.640649729236897558e-01
6.800430139198230250e-01
7.149964061748159683e-02
9.510531532733152993e-01
2.296810661871712123e-01
-1.905369324230543615e-01
1.845536366820517360e+00
-5.098535401250705590e-01
-2.419225734032777186e-01
2.060200867744089503e+00
8.161456671189805112e-01
6.073212506112708464e-01
2.137430862648560748e+00
2.227269281814563406e-01
2.217508094617028469e+00
2.297514219780076417e+00
2.672265087375041759e+00
-1.182216643335844974e-01
-3.381099460522902778e-01
1.578273719261443997e+00
3.864027852087953407e-01
2.657222555790550444e+00
3.755074574064425352e-01
-3.830087373468573642e-01
2.450851800348211817e+00
1.325778177615834830e+00
4.125771422034076874e-01
1.557584825730072620e+00
2.704476985181907267e+00
5.175309116250925712e-01
1.792944018414248664e-01
2.332772079619989558e+00
5.896070496531504723e-01
2.086045728746364070e+00
1.661132087963203663e+00
1.756593658874833874e+00
2.345062832933827668e+00
-6.422464545257486890e-01
4.730909775453828736e-01
1.976928088051596699e+00
1.859890194610215319e-01
-1.785276632753640680e-01
2.376083070716552115e+00
2.006728928910574972e+00
1.346877406468045546e+00
1.518416285246102504e+00
9.671631599510265298e-01
1.571700338344167447e+00
1.572475054327036270e+00
-4.135599625743067165e-01
1.553389654530523689e-01
1.852697887787882802e+00
2.555523250787128386e-02
-6.571539866965909749e-01
1.897091709741168808e-01
1.288113165542293936e+00
1.271736379180028464e+00
2.111593279506359444e+00
-5.165259123590026924e-01
1.000992466962907113e+00
2.149034622156404506e+00
2.998843657587824119e-02
1.534551763980647188e+00
2.020841478087701315e+00
1.511053934205813798e+00
8.970585946743652173e-01
1.624088264522578484e+00
3.550063540649512905e-01
7.805219799751947907e-01
1.220775160819845162e+00
1.288042268124259593e+00
1.134593402548133234e+00
1.786583910341636328e+00
1.927553762907782797e+00
1.394585025040253390e+00
7.462326190564516626e-01
2.408001643207925202e+00
1.868533903181914813e+00
1.701666019831398868e+00
-4.641733340766205362e-01
2.237661081868363766e+00
1.790179954763797987e+00
3.734743839226448703e-01
-1.184024572100044193e-01
1.187971786104805361e+00
2.183592399601993694e+00
1.458686298391405511e+00
1.759460995032395836e+00
8.571223117138001557e-01
1.464918178078491895e+00
4.676248143700778570e-02
2.451828029352507876e+00
2.531473342722363462e+00
2.669203925185803961e+00
3.995605278432144969e-01
-6.629594990617548866e-02
-6.617596451385037160e-01
2.198659785975133119e+00
2.402696415048133360e+00
1.275185478710732401e+00
1.044612401251784339e+00
2.165024575233125859e+00
-2.878605168085763832e-01
-1.903607749299311980e-01
8.073280165513627704e-01
1.055019872780098122e+00
3.950487928576211782e-01
2.700303437467628243e-01
1.531113456102817683e+00
8.691941224066790372e-01
1.144445514018996191e+00
1.936244839538246332e+00
8.825105222849738418e-02
4.703374699890680022e-01
2.214650365201626059e+00
1.389595881597782245e+00
2.189532075457494287e+00
-4.424332720017625231e-01
-1.430942807711834686e-01
-3.140213583017785748e-01
1.606582788588391431e+00
1.743758250177763980e+00
1.130954551297621125e+00
-8.526701557280702559e-02
-5.144913596876332651e-01
1.415058400497835711e+00
2.170631166947023072e+00
-1.864134536127879382e-01
5.193980079258220250e-01
2.037870227358297814e+00
1.607223540040098708e+00
1.299882931879916326e+00
1.881197183085197455e+00
1.920589232075139430e-01
1.378896687539938881e+00
3.261208270945143983e-01
2.576332167283785335e+00
2.277575779031109082e+00
-5.812879992161610332e-01
2.626647764391000450e+00
2.575151555844603646e+00
1.872081189051136629e+00
1.429033121366779735e+00
8.373616218879434969e-01
3.245139138936772305e-01
8.538932609175864386e-02
2.139345726677360560e+00
5.866283208827516304e-02
2.113048990851625675e+00
-1.549371095632108286e-01
1.848377604325488477e+00
1.928288564915631387e+00
2.373923774939791453e+00
-2.126157850807428584e-01
8.255479817189159686e-01
-4.962878304688955744e-02
3.241618230061349415e-02
7.914801279854706273e-01
2.079710845017679333e+00
2.625501369018294007e+00
1.284547802923913240e+00
9.700835856777567656e-01
2.006076222362828787e+00
1.796885145709462339e+00
1.372359030898858911e+00
1.869900042973482446e+00
2.325816538953864310e+00
3.232576220178297044e-01
1.414204618984493678e+00
1.596466751742707357e+00
2.071232031392191253e+00
1.281186407333790189e+00
3.607486368933322529e-01
1.540244353732471927e+00
1.137094951530712494e+00
1.621164629474414198e-02
2.746181087993635472e-01
6.786504637096737458e-01
-5.998013268613304749e-01
1.539736635986415969e+00
-3.270749482914645512e-01
-2.225429181175955229e-01
1.697626434081738189e+00
7.517774000632730935e-01
5.948651782839958768e-01
7.587092712531320338e-01
1.217737866401375824e+00
2.216005253992518576e+00
1.870152738044908780e+00
1.737701872138714965e+00
2.395899184985163188e+00
1.265639780145596527e-01
3.904436627888695499e-01
6.652552005396109580e-01
2.439277303329635771e+00
2.591177900886397989e+00
2.895176139393021986e-01
2.461866923975320809e+00
-5.859531172233602980e-01
9.257807403301153704e-01
9.195716409241766476e-01
1.979085935566247567e+00
2.375441379355591742e-02
1.262216475955826978e+00
3.367229111983592871e-01
7.645020411814311689e-01
-3.374416569408271727e-01
-3.049420746862845366e-01
6.375724931944461993e-01
1.403504629677396531e+00
1.123413903442001649e+00
-6.149805724547485752e-03
-2.806066411776879654e-01
3.890382967182572926e-01
-1.572036343604839015e-01
1.518814062536767429e-01
2.448219382666987354e+00
-6.575475189315471702e-01
2.370846394635248267e+00
1.789145641468167458e+00
2.404442115392552370e+00
2.147958450698989274e+00
-5.046594253811185204e-01
-7.372249161112609528e-02
1.690530228891826248e+00
1.542510298941475622e+00
1.947477989989689018e+00
-6.085536080168751916e-02
1.404809972793429118e+00
1.974883774537233849e+00
7.765464701298826489e-01
2.105598439501808805e+00
-3.205245461745946933e-01
9.613729954029848201e-02
-5.648596193990087500e-01
3.680900245469812537e-01
8.156177290763094723e-01
9.213258442950572613e-01
-1.016353839313981489e-01
2.379282981988210643e+00
1.106404489882448772e-01
8.503849179424186611e-01
-4.381116560145241756e-01
2.147514262002614416e+00
-1.740241374013340447e-01
1.646390270189235228e-02
5.106440606414333061e-01
1.494763991290407379e+00
2.184292574050795910e+00
7.934519226983165474e-01
-5.579216431264557574e-01
6.752646551676548814e-01
-8.664987447545047239e-02
4.858876862696680510e-01
2.926456094774727568e-01
2.239174280021432928e+00
1.040477939494803605e+00
1.228374499114770924e+00
8.545704828053835023e-01
-5.171972573621241853e-01
4.495107696216943394e-01
2.214523567845859464e+00
1.403289477677050145e+00
1.437078233424751827e+00
-5.853347532810770915e-02
1.113391411303748413e+00
1.629881378649358004e+00
6.050225340066575086e-01
1.935535605873969667e+00
1.104636306134010315e-01
5.369964395242170507e-01
2.632879258810695511e+00
1.287087290221544000e+00
1.327963768476189133e-01
1.662373930549890133e+00
9.391926945029864804e-01
1.799200578752189195e+00
8.263641052744006288e-01
7.394077808656558393e-01
-5.963090379599722546e-02
-1.111916096132805620e-01
-3.149222282946997353e-01
1.601364545671503326e+00
1.474621285902955270e+00
7.997351268420904713e-01
1.484634242168392015e+00
9.051326932619907506e-01
1.672572945918596954e+00
-5.133491593090153682e-01
-6.698652046648216896e-01
1.485102343394669955e+00
2.460949892352462420e+00
1.195333892225616479e+00
2.460750293855257897e+00
1.879279444305211433e+00
7.124634631489675796e-01
5.313816863223911335e-01
-5.149637352426623682e-01
6.583923556749751160e-01
-3.650369139024265408e-01
2.207701521164530112e-01
3.146762619931735561e-01
-6.540664612068118888e-01
1.364852484389335041e+00
4.745476461306423754e-01
1.910885492713569223e+00
2.830488317193251557e-01
2.086295018330811324e+00
8.703832938109270501e-01
-6.796342488311137853e-01
6.416044484961493932e-01
7.895315205976438655e-01
1.668177952631133998e+00
5.494399800423415137e-01
-5.682943982818233764e-02
9.171506319715223565e-01
6.401540434761516796e-01
2.436660137798215331e+00
-4.322220795523248338e-01
3.802860736214442872e-01
1.149833302956717596e+00
1.390065169374361531e+00
2.551159013689414223e+00
2.605557093035059779e+00
-1.435671140001419932e-01
1.585187615579966458e+00
2.029938075175552470e+00
-2.677371373217884987e-01
-6.394775308709510497e-01
1.818409200002061521e+00
2.600440228469090620e+00
2.471701730491277171e+00
1.367457723016617388e-01
1.723645169946118605e+00
2.600254749131673648e+00
7.847484815076998244e-01
7.208447794704009315e-02
-2.303988414337774238e-01
1.888391584255576738e+00
2.596330717259841769e+00
1.311283573120870294e+00
5.113877839791129976e-01
2.600240716553294362e+00
-5.489364088639721029e-01
2.488241161379266764e+00
1.398620854270347769e+00
2.421595302984338893e+00
2.298579526793965044e+00
2.152562004385086603e+00
-1.843016898825884375e-01
5.415430738879245531e-01
-4.977049678310849767e-01
-4.427673666004316999e-02
6.817416806154042996e-01
-1.694491199419636551e-01
9.708298864653499560e-01
1.428590962058973179e-01
-2.946542192643604174e-01
-5.804178639595720668e-01
2.474088517644453589e+00
2.457437390168793812e+00
-5.292091328050423371e-01
1.968361258441668760e+00
2.376409487115826558e+00
2.354878866928377334e+00
5.461672542310949119e-01
-5.799121969072653648e-01
-3.427153732903163164e-01
1.409201255635711192e+00
2.639023700387751248e+00
2.655596289008855138e+00
1.608527663834775856e+00
1.440396201825032474e+00
-6.203773651826069990e-01
9.040881713815716036e-01
-6.526343569276413792e-01
2.469777693501984395e+00
1.437901535853501889e-01
8.946090804336814806e-02
2.008150624526354733e+00
1.361985012942470430e+00
1.068932761964215716e+00
1.135471299797109701e+00
5.272082407388829495e-01
4.716891602545213447e-01
1.595330337460782788e+00
1.493767224586058262e+00
1.646695692156784352e+00
2.112249797441356769e+00
8.438766676623458141e-01
3.079215266145280960e-01
2.495641048186539201e+00
2.060231551193405064e+00
-5.605589824991876746e-01
8.320114667863476310e-02
9.267102736466884538e-01
1.384033117560709014e+00
1.439107110744763052e+00
2.565311135801549014e+00
1.918695973101138819e+00
9.240812115550417483e-01
5.169879961992189799e-01
-3.172456768937506055e-01
1.390839522936099248e-01
2.067083474852458025e+00
2.619775748408121885e+00
1.149328508059064280e+00
1.879394654694481304e+00
-4.841817771412597615e-01
2.667393669269601197e+00
2.065546497711905349e+00
1.647779399793729116e+00
1.635752304129362233e+00
1.983944574751973944e+00
1.214307035116040767e+00
-3.276234689816539536e-01
1.168124361116414267e+00
-6.512862271828432359e-01
2.319275982669978919e+00
1.923996871167763523e-01
6.509714551151823958e-02
-3.480869728331472679e-01
1.876553304630538932e+00
2.442807520345951833e+00
7.727544449756829081e-02
-1.442048381834035720e-01
1.130407672615947323e+00
1.913376211195292331e+00
1.292976809388739934e+00
1.633918590717545527e+00
1.303445333640215420e+00
-1.070510557996802170e-01
1.581869406346797069e+00
9.911711186543394891e-01
1.395514023858633879e+00
1.259473755466896661e-01
1.478903577131100988e+00
1.232603882530584061e+00
2.001105008031110799e+00
2.042335143588008606e+00
1.547695536769670088e+00
-5.239223816227989161e-03
9.347349284654749013e-01
2.388635532776077319e+00
2.684080087617974897e+00
1.109284331091644038e+00
1.070693373689707739e+00
2.093337456125317075e-01
-5.648052037815665116e-02
1.791978201980083396e-01
2.518537113423764850e+00
2.190779334839681791e+00
1.029136326029187698e+00
-6.003133953494754760e-01
2.154659072101687833e+00
2.596801164804674933e+00
1.301442348292553230e+00
2.100042099910527149e+00
2.605838068091266724e+00
1.395147276379259615e+00
2.716613881663150210e+00
-3.531503226091885494e-01
-6.561356209444115795e-01
4.978552025224325384e-02
1.127890797990360738e-03
-2.507922080414262123e-01
4.758297811200783434e-01
1.284796555590473233e+00
2.580483387819467289e+00
2.369258744019309137e+00
2.062113056531636346e+00
1.523447954885609246e+00
2.307663732492735154e+00
2.621574941082581489e+00
7.317054228359480827e-01
2.079475913751698712e+00
6.426578912092116846e-01
1.422983771169869405e+00
-1.300297039843876234e-01
1.388943441918554900e+00
1.529472198073862366e+00
2.613911704421781224e+00
1.625165479355528131e+00
-1.288324863507006590e-02
1.442441881601029818e+00
2.449348431038170570e+00
7.132954006229674793e-02
1.468687107287439453e+00
1.142152895869940288e+00
2.259119014484650911e+00
2.052735140830376004e+00
1.542814654287708587e+00
1.269962071021518035e+00
-2.770190144135662447e-01
3.061212481640640526e-01
4.951941627411314828e-01
-5.465518329522618401e-01
9.559021976360986272e-01
-2.437184411897086456e-01
-2.199210154779802640e-01
1.271141865016594430e+00
1.717409397512792424e+00
1.617016687234630989e+00
1.922698773322417232e+00
4.021908340643820523e-02
1.869573731395374860e+00
-2.583131425231335321e-01
2.126683403622980251e+00
7.077130792347093857e-01
1.712038285702341511e+00
-5.169662612113357092e-01
8.509366350298221970e-01
2.204946139265703486e+00
1.492095375687629843e+00
2.163344577835869753e+00
1.436949231990659159e+00
-6.886398075627047088e-01
2.018344364404028646e+00
1.710083724697598395e+00
6.393729475140371710e-01
1.913817294198743024e+00
2.298518244373076502e+00
1.759426831095286747e+00
-3.703657918475271593e-01
-3.949435751161911590e-01
1.595852604993448054e+00
7.996003468601283748e-01
9.513368321847670561e-02
9.131601651846288359e-02
9.998372113811502260e-01
1.836463499286461243e+00
1.557370002631215833e+00
2.042296745265294255e+00
1.279191956168115318e+00
1.877926231038426597e+00
-3.969372428883151116e-01
2.149535585898635581e+00
2.692048432570028460e+00
2.147739576112656756e+00
7.070103381974199852e-01
2.669880506056419911e+00
1.257921782265732258e+00
-2.312048354684903551e-01
4.144142563464743301e-01
1.112793639802650336e+00
7.086716835006159343e-01
1.125360909353341654e+00
2.603297308535402088e+00
2.307523445155639230e+00
1.113585412282826592e+00
2.367567900803735803e+00
1.136841850738645077e+00
9.443173693234245825e-01
2.339983261232302603e+00
1.192318387134142510e-01
2.199993832468149613e+00
1.549044246138142622e+00
-6.566838868022397691e-01
7.832756413122443639e-02
2.750610904904382537e-02
1.859628516855924563e+00
2.121492049011541425e+00
3.613109208248765913e-01
2.351749683726956697e+00
-1.644523480963779871e-01
-8.210873634765558648e-02
1.031793576482605612e+00
1.244260790441714448e+00
2.033633842859304153e+00
2.579623807824896975e+00
1.431745690991246933e+00
2.612669480283589252e+00
2.086008788098979494e+00
8.774685718514428912e-01
1.831454518922145391e-01
2.156626227432758114e+00
1.418043850701566910e-02
-4.914934198260434428e-02
-6.234372775401753053e-02
1.675023177331698143e+00
1.869369803465334767e+00
7.188928887749103103e-01
-2.201981130773413842e-01
1.987176961694672173e+00
2.119084365801772840e+00
2.060506237772426807e+00
3.434915266661188182e-01
-4.635573162361295019e-01
2.715848674531204043e+00
9.854071689088274022e-01
-5.886718768596022056e-01
7.375081266734783147e-01
5.574728320122199765e-01
2.080352786668839826e+00
8.234532349087686498e-01
-4.339497275793300357e-01
4.394292696376804752e-01
2.561194777935786870e+00
5.851673677095483583e-01
1.012461925300266463e+00
-6.462761053631300712e-01
2.323843035786188338e+00
6.087475117299452343e-01
1.694320404585397011e+00
4.102008630960657376e-01
1.441605392657447471e+00
-6.866400160251706630e-02
1.920250562397599392e+00
2.301133542786613084e-01
1.032134814348268037e+00
2.708372443863308332e-01
7.105037660244648556e-01
1.298422234833723543e+00
5.952041002159215166e-01
8.674173020197426531e-01
1.668797196279214745e-02
9.080227676819466742e-01
5.121571287735890987e-01
1.601599980097167419e+00
4.303428199375155527e-01
4.004578045087622273e-01
2.177904331976859176e+00
-4.435966599396736765e-01
1.962718373224851653e+00
1.644170482244511788e+00
1.738708038265752931e+00
-2.068164776455556630e-01
1.904168470641170341e+00
1.551032239142265956e-01
1.802635703066443051e-01
1.716367695209950472e+00
6.618821147332500932e-01
2.398445164984110534e+00
4.893152091992114538e-01
-4.603194389350198090e-01
1.962317119346427052e+00
2.484224873030580483e+00
6.873008241756000114e-01
-5.884659360446755638e-01
2.448387693299558521e+00
2.255198183214332630e+00
-3.456829702805095383e-01
2.595015115907777670e+00
2.649404757410865674e+00
2.218978136055311801e+00
1.813634453694834114e+00
1.193187260061787658e+00
1.237283769271911193e+00
7.440711616617886603e-01
-5.032347555065390665e-01
-3.598684443723585424e-01
2.527469932051999102e+00
2.451722596958168854e+00
2.321523480142450246e+00
2.568425078351590507e+00
6.317127191514775308e-01
6.772879061275967061e-01
2.390534368475949023e+00
1.693888112536900525e+00
2.054136437928609560e+00
1.615041401836079693e+00
1.888547279542655666e+00
7.282915030784532506e-01
1.749869285565804677e+00
2.306677251494201331e-01
-1.885645157736395294e-01
1.542111377473688538e+00
1.523811203536085346e+00
1.184745337372770768e+00
2.685907465529838944e+00
5.950790023906460391e-01
-5.779867399275622208e-01
-2.176439500318156917e-01
1.021192628411546677e+00
5.724680160984685351e-01
1.021138384081794026e+00
2.312242364925565230e+00
8.988328904850444445e-01
2.416991941104218444e-01
-6.729860411613370896e-01
1.753554567905787565e+00
1.249409146549776750e+00
1.402734324727378912e+00
2.074559765808531964e+00
-4.582589513642996160e-01
-1.177684907764937616e-01
8.205217595844844780e-01
1.877921695262883217e+00
2.177700999709389240e+00
1.330524903650881496e+00
1.516789159060290881e+00
1.279784921499215189e+00
2.418279605598292470e+00
1.812328164402157160e+00
2.314548614844963659e+00
1.791957138385784631e+00
9.316800906257090009e-01
3.494124473823795318e-01
1.205705069513272498e+00
9.707005652562648024e-01
2.540092423741737271e+00
5.759509518538401540e-01
-6.097573892896890335e-02
8.357415625157929018e-01
1.730285986211206106e+00
2.549298520492998765e+00
1.673997906171892369e+00
1.829332744055680138e+00
1.821848207531941100e+00
2.617172711452896650e+00
3.822191733657942514e-01
-3.563323867733516614e-01
1.837269605836007180e+00
5.016341015437917328e-01
-1.874623238550459092e-01
5.873526054113360484e-01
-2.233298200110847009e-01
1.788421414286906153e+00
1.884777122760989743e+00
4.349382310926807049e-01
7.817565063973765938e-01
2.657095096338096596e+00
1.263414397800979305e+00
1.398761323108172361e+00
2.374850198391594169e+00
1.027998747093448850e+00
-2.111482952867844709e-01
-4.883093346992171124e-01
1.433518125844830404e+00
-4.732950528145891678e-01
1.558715776481273130e+00
1.266319530550434003e+00
1.685286602354338914e-01
-3.637014610672228976e-01
2.024742627971329867e-01
-4.174172434847807089e-01
1.255348805784572530e+00
5.749223528657676496e-01
5.084567331760908582e-01
2.563975741142205056e+00
3.691037005526686121e-01
1.682622676477291357e+00
7.915410314242630196e-01
-1.291036092118764689e-01
3.781758560820581705e-01
1.500779605094360036e-02
1.352013087262659896e+00
2.523970058570615294e+00
1.641498883583384139e+00
1.102179817385634530e+00
-1.105561891594728507e-01
-2.246889187546059485e-01
2.359984523052022443e+00
7.442589266093624367e-02
6.100503092767768365e-01
1.268329482666946673e-01
7.026736595474947222e-02
-6.529369674797034229e-01
-2.038295000296910242e-01
-4.934186669392486291e-01
1.272530591421610957e+00
1.064644212452394267e+00
1.945477339081368884e+00
1.596264636292761718e+00
1.570738917364019382e+00
-2.388139526658172862e-01
5.196520191316247317e-01
9.725410175396703716e-01
-3.912660971344665839e-01
1.810175033738299799e+00
2.455032297509905703e+00
3.682122789035637833e-01
1.528532833537206148e+00
-1.950231844406546955e-02
1.171318912207507834e+00
1.740807483502015529e+00
-2.680178413363070167e-01
1.539099721113937225e+00
-4.383385155857906224e-01
-1.227040374579437820e-01
1.355177009481438155e+00
8.465412399781258035e-02
1.747198576163228045e+00
-2.089042282064115241e-01
2.042899070928111627e+00
1.263800281213211196e+00
-5.100114263375306045e-01
6.154148784990811638e-01
2.537637207336105316e+00
3.196810329057131472e-02
-1.730937729342632014e-01
2.959944322858991672e-01
-1.804023863127159899e-01
2.270199761725613108e+00
8.012509916747010408e-01
1.444243185296781862e+00
-2.999905287862743020e-01
2.033689746802133769e+00
1.866792753681387307e+00
6.602144952367077213e-01
9.335449224959500025e-01
1.896818469071246405e+00
1.217802159192223233e+00
7.179459193405643980e-01
-5.247849066786374195e-01
1.372280360687289091e-01
5.838812630624345967e-01
2.006119128258860407e+00
-1.048997480499243018e-01
-2.766337700356695795e-01
1.299670715205966331e+00
3.820509883315559296e-01
2.112354591559377326e+00
1.511313469533869913e+00
8.877495863999578241e-01
4.414914058384712403e-01
1.335742196607815124e+00
1.542048244852945338e+00
-1.285062298127421787e-01
1.984690134209585288e+00
2.623542803505160670e+00
4.663837904787390132e-01
3.549638286731953141e-01
-5.304956799651248112e-01
-3.320118054871867841e-03
2.382215537308352893e+00
2.138064485178250429e+00
2.402798248601148323e+00
2.589610234089355423e+00
2.184037173278973842e+00
2.297098943367177348e+00
1.489040849897483865e+00
2.046708074964843860e+00
1.464557969344683075e+00
-5.125587895908749747e-01
1.934127487388419997e+00
2.188055900455772473e+00
2.177903986405601344e+00
1.896764866866130106e+00
1.519443552888689375e+00
1.745653464150616063e+00
1.127599287325594890e+00
-8.521537151081393091e-02
2.662802668835586140e+00
3.849858435777863130e-01
2.111157749605763634e+00
2.706907675939261182e+00
-2.139659836415981342e-01
1.728025287735287518e-01
1.464124404230465970e+00
7.163439300159470946e-01
3.100293978139192497e-01
1.588903897151679345e+00
1.706087866294055067e+00
3.070015243088621837e-01
1.485841560790460036e+00
1.759070919847242065e+00
1.052469599099731257e+00
8.696351999601723559e-01
6.720898575121733165e-01
6.803536641979639477e-01
2.523432669347657864e+00
9.565085750046117274e-01
-4.728119779231820807e-02
5.695854549016348134e-01
1.640455325958982913e+00
-2.658800735375677071e-01
2.205607305609106561e+00
2.055031139899528014e+00
2.298518646406322752e+00
7.273043874799021147e-01
1.725479626861136317e+00
5.797595329605595982e-01
1.455129385636483752e+00
2.098238747491562251e+00
-3.832466026174388141e-01
-6.659676374740421956e-01
6.771601864514293911e-01
1.945115066343670707e+00
2.153856903578446946e+00
1.767500914100458731e+00
3.290553801612583484e-04
2.710977075732195818e+00
2.617089027108905341e+00
8.364997675639006536e-01
1.400146490601696270e+00
-5.210672243846348195e-01
1.476211801262516721e+00
5.519686189861794379e-02
1.339735623072048520e+00
2.225868815449424387e-01
-2.478810386005871891e-01
1.920630776703720954e+00
-5.510414118460738031e-01
8.947222626647463040e-01
7.466931744837772555e-01
1.463127128275342415e+00
1.373277717734606274e+00
1.769257227005130106e+00
-2.521957354345647495e-01
9.707137798908239690e-01
-3.552956409606748966e-01
2.458048403150761452e+00
-6.045161652396193741e-01
1.345263475775461348e+00
-6.918259448101138354e-02
-1.639068682223430162e-01
2.037333139164492213e-01
1.202456113231081147e+00
1.601509609476011065e+00
2.296355913611004329e+00
2.518636536872715936e+00
1.132360484523150301e+00
-2.878829255659307584e-01
5.400088179358288887e-01
-2.164609897188356502e-01
-4.368957086835976167e-01
1.708236462842964709e-01
2.228576838440150976e+00
1.665063564725884904e-01
1.393210534706529335e+00
2.509151884006060484e+00
1.869738789656177236e+00
2.058111167823351018e-02
-1.781716468826393118e-01
8.850859684862582011e-01
8.848362929036173163e-01
-4.995578886690459353e-01
3.310559748232000388e-01
8.968376863627649520e-01
1.812212544852219054e+00
4.945578531158278945e-01
1.498195608268474643e+00
2.102876402834727543e+00
1.830776338688376637e+00
8.314917779916815022e-01
-6.652976286782898985e-01
1.174996049378694174e+00
-6.372775286576561893e-01
-2.214807450531466326e-01
1.513176625840576328e+00
1.226265205659313962e+00
2.852836137384454629e-01
-2.457863037494734115e-03
2.062841574484528540e+00
1.273973779403195117e+00
2.374820591181593388e-01
2.711938790313531022e+00
1.042778578411184487e+00
-5.199803616667104667e-01
-4.168004501706825682e-01
1.626191754264985079e+00
2.503619182375897090e+00
1.948608081687253080e-01
2.010324755581479383e+00
1.142326251781610624e+00
2.070802962700136973e+00
6.907428027783559799e-01
-2.666996218282324804e-01
1.392025998214625915e+00
1.730872770693251628e+00
3.075134284166669563e-01
-5.794322965277900472e-01
-4.812123923314166607e-01
1.284206636170714955e+00
1.782762742442488113e+00
-7.410743085374282835e-02
2.996514416165914074e-01
-2.683929477816329179e-01
-3.532835667718572381e-01
1.482966433186547750e+00
4.510608082479449221e-01
-6.441039812400517484e-01
2.705586076914052729e-01
7.708267121119705134e-02
2.563605776752564402e+00
1.500220740199099012e+00
2.491665782701257381e+00
2.962537187016840434e-01
1.766722038151039120e+00
1.775614336064332388e+00
6.171101950619206633e-02
1.224585183624737450e+00
1.804782949860723962e+00
-2.169273637217328243e-01
3.385480493222474685e-01
6.382041270903628938e-01
-3.624600974495697514e-01
2.005400971217458306e+00
1.459255976614276085e+00
1.545468879621536118e+00
5.069828865833567733e-01
-3.117805427406397101e-01
2.478725388740255831e+00
2.449619106173777539e+00
2.443416779002916428e+00
4.865965017583828711e-01
-3.114926263701438547e-01
2.030502526194697399e+00
2.163186447283338421e-01
4.370563971630527789e-01
2.271563292590641048e+00
1.090094937949444676e+00
-3.666860929235153943e-01
-5.532740748512090523e-01
1.981779852520660690e+00
1.588187563789885459e+00
1.272395685959739176e+00
-3.374648733018155156e-01
1.939531299623018512e+00
4.007020478836487154e-02
6.167535372422927598e-02
2.096224273713245712e+00
-4.024522040909279674e-01
4.180107798349977921e-01
-2.441632633001775687e-01
5.686191416733360482e-01
1.251558100675315588e+00
8.653390156363349739e-02
-5.400917182150681839e-01
2.241817723276241736e+00
6.540396319764762989e-02
2.299760757181294135e+00
2.677494432426796855e+00
-5.110112810954963170e-01
2.034238722555713252e+00
1.334666086144270292e+00
1.201698127711572583e+00
8.717956219120648331e-02
2.021294244572752419e+00
2.341937187878516013e+00
3.975960209444429072e-02
1.264526697025544211e-01
4.768236168576323042e-01
1.748023636342331599e+00
3.045692516348732504e-01
2.492533654314263103e+00
-1.800997136424917766e-01
-2.193029681154359256e-01
1.639410861172159839e+00
4.534787852916499773e-01
-9.120142764476257824e-03
2.688492933737755664e+00
1.558696621443420138e+00
5.815353868290928929e-02
1.961183501242546479e+00
-6.296508638611986175e-01
4.924235870598066001e-01
1.762257608002905762e+00
1.221782435241229203e+00
4.678014826486366351e-01
8.048946817178149749e-01
-6.734629277322699004e-01
-6.621059832648841237e-01
6.157616105687667707e-01
1.665918486364693418e+00
1.089855791084443970e+00
-4.956216682560270481e-01
1.686882544311605781e+00
-3.016408656166735813e-01
2.689019949338538940e+00
4.197549551703517734e-01
3.655300652281030516e-01
6.330168239587158352e-01
1.542462211893177226e+00
1.203519504942689444e-01
-3.120333976678506538e-01
-6.202022618650724350e-01
-4.370218816270758921e-01
-4.165609952417648199e-01
2.098437411554050058e+00
8.613138046140190740e-01
1.353455317082680409e+00
1.349796716156627108e-01
-4.458585789321103388e-01
8.810044653773925205e-01
-3.056230451323289632e-01
1.615696634237887563e+00
1.955332445639416328e+00
2.231692297007134229e+00
8.817111514810649364e-01
1.181655661358292475e+00
2.110069674459383648e+00
2.039589423348000086e+00
1.482432364122566515e+00
2.211787076776340566e+00
-4.425828461791816437e-01
-2.696891457855876695e-02
-4.959791792919734377e-01
2.688185760152872472e-02
3.773671052085563193e-01
1.380114628055906234e-01
2.202692938297806435e+00
2.924626128966992811e-01
-6.509943599971848016e-01
2.418417177135184559e+00
2.714569712235060717e+00
-5.509381640627322163e-01
3.296157495619026490e-01
2.013566670537495717e+00
6.144691969835613943e-01
-2.116713127079870027e-01
2.488044581892902674e+00
-4.815709363860789516e-01
-3.643629794983009873e-01
2.711760521743619812e+00
2.127612244838405164e+00
1.367783447801212970e-01
2.464097789887313539e+00
-5.486742600757474886e-01
2.014299444183428101e+00
-2.855745437072405579e-01
1.187940456673721279e+00
8.827472287023335751e-01
-1.105882341434396565e-01
1.597254752451966464e-01
1.428675681392049812e-01
-3.661918857113075632e-01
4.975777980822565505e-01
2.231203808730699123e+00
1.058899823560181197e+00
2.633427603289270280e+00
2.384820831061172264e+00
2.344307903434533991e+00
1.703065299866705518e+00
-9.001460249228143695e-02
7.754967343414544967e-01
1.345179044362166509e+00
4.386232397152973750e-01
3.984190352180198014e-01
5.768556549453092153e-01
8.761284849210987380e-01
-1.692535281764482313e-01
1.913801743796859967e+00
-2.225380641953569327e-01
7.488617299663935523e-02
1.180209665529848184e+00
1.442419786220576983e+00
-2.628833175970313185e-02
1.050715244239490032e+00
2.448179601857115806e+00
6.984474714121187144e-01
6.541929349479225220e-01
1.597788068775558568e+00
2.126415693985321376e+00
-4.561200700718626155e-01
1.547022015408556772e+00
1.507918065242322081e+00
-7.092241211063066153e-02
1.770867555509568092e+00
8.499960074175916258e-01
1.731341958621279709e+00
1.133700837314563836e+00
-4.612391510681417284e-01
1.397506190172818297e+00
-1.067594424071922621e-01
1.738387026326403850e+00
2.268148959673304432e+00
2.200339281873687547e+00
7.901240386773338287e-01
1.363459896432015261e+00
2.377186984131179237e+00
1.934475571623130108e+00
3.876299306069280748e-01
2.004718602767977753e+00
5.652321790415868463e-01
-4.604816059881573498e-01
2.312463404734804717e-01
-6.293909220736477739e-01
1.213505922659996017e+00
3.561003559065315516e-01
1.617685839070024389e+00
2.305352564004940596e+00
2.509068152972788734e+00
2.400081329841576405e+00
8.992088082091198586e-02
2.423353432718562850e+00
1.551468678738538109e+00
-5.830301576848384570e-02
-1.441092357033626481e-01
2.399751181302670844e+00
2.277557122394529454e+00
1.360898147457704210e-01
1.723859080608597161e+00
1.002541742306262584e+00
8.199282918824242206e-01
1.893171982543142562e+00
-6.370551284036884976e-01
1.552316504459346325e+00
2.379837361179187205e+00
-2.925584812713890592e-01
6.900629635770250125e-02
1.071604949913741223e+00
2.271307359769627610e+00
1.556652987451580206e+00
-4.494318129392942396e-01
-4.948432242090217148e-01
-9.608596567209448658e-02
3.242792634469958690e-01
2.498619436619595291e+00
-3.712154342907540983e-01
-4.761884746798596968e-01
-4.666402790042585291e-01
-3.022765099256072840e-01
2.641939143501166321e+00
5.568443315314851594e-01
1.418434316643736093e+00
9.617417131194261337e-01
2.116186076954442719e+00
1.466636525785801615e+00
6.785818951289595002e-01
1.632442082866189637e+00
2.219137032132513898e+00
2.233500154759732403e+00
1.402381722747157333e+00
-3.197505236033042486e-01
-6.849662653876926743e-01
5.725772916706184379e-02
4.233076783168709945e-02
-6.189204253097284614e-01
4.192152527593867584e-01
2.034551485784262592e+00
2.741061314900262724e-01
1.643040384756863759e+00
6.743835385966900908e-02
6.300360717025810242e-02
2.390844667787867195e+00
2.575242444518036855e+00
1.309864719455579696e+00
2.434565808379061558e+00
6.663563353352708329e-01
2.570388532258659264e+00
2.681320902118813354e-01
-3.871731192371445918e-01
-3.435153943334849913e-01
6.015887189181680084e-01
1.404983265346606558e+00
-4.556763155096290596e-01
-1.510075356932685242e-01
1.412428535231658788e+00
1.298149683165146451e+00
2.319152827145486206e+00
1.626546858812421004e+00
-3.570814148463086202e-01
2.639765760073843559e+00
-4.599131388532335940e-01
2.656632251489509766e+00
2.618920851163512697e+00
5.313971710110934055e-01
-5.148029982693020923e-01
5.013667310847684799e-01
9.861512714360503029e-01
1.500893792693887896e+00
2.190877171918709010e+00
-6.357428402381366528e-01
-2.437959721283837755e-01
-3.331173659820769739e-01
5.893952672928343128e-01
1.012078314280377755e+00
1.229615665604705699e+00
2.426349038141778269e+00
5.787077062225981505e-01
-2.177739289013120860e-01
2.313518739138731295e-02
1.473311031715901054e+00
1.767770615852275906e+00
1.740470571778527153e+00
6.984612687634987882e-01
-4.646378880683204038e-01
1.748931570703348592e+00
1.042653511621090212e+00
1.763265926019237817e+00
-5.130630488575065318e-01
-6.237720430924946768e-01
1.649579189416033875e-01
2.137945381191856953e+00
1.797386620050257289e+00
1.405065175067290895e+00
4.327379351665117113e-02
2.797392149594043476e-01
2.410598545695178174e+00
1.924127652199174143e+00
1.179656266739447235e+00
9.868519345863114856e-01
1.357420016610452196e-01
-2.076008396330395467e-01
-3.268892425524534406e-01
-4.972413341776955598e-01
2.898956855842510505e-01
5.579076801783198203e-01
2.403344094748152582e+00
-1.378244450926324749e-01
2.674963093344140397e+00
2.681831377261312710e+00
4.925452567771797519e-01
2.152513074891249989e+00
2.205328563365169803e+00
1.952680655499408502e+00
1.015204960416439040e+00
1.266839782761970845e+00
1.472280132123565455e+00
2.699042701364227526e+00
3.954925312741486287e-01
2.532828675195679669e+00
-1.416981637136665029e-01
6.565217423612206282e-01
1.487115063155168171e+00
1.219527809360302362e-01
1.288292570944146842e+00
2.680499478559070781e+00
2.579052773451209646e+00
1.733697845597350184e+00
1.572382435196255868e+00
-1.697513816563436251e-01
7.855205088107602984e-01
-3.975893906295298041e-01
2.437347056469743478e+00
2.563069592298305999e+00
-6.456875956675833805e-02
-1.515269648243264822e-01
8.239497440026896102e-01
6.654628587648925286e-01
1.083823468176455140e+00
1.391112678961974103e+00
2.164394605268086469e+00
2.463334012574121878e+00
7.583126679902361111e-01
-1.196748555123021696e-01
2.409500373196704626e-01
1.760674871773884043e-01
-3.540452638875213331e-02
-2.486520405139933665e-01
7.033907643693004808e-02
2.518851599982398159e+00
2.251786563233475480e+00
-6.327126060680712261e-01
2.019400928693336983e+00
-6.488554766177396793e-01
2.231917045602178185e+00
1.984177528029313020e+00
3.072930683795307427e-01
-3.454033594694183584e-02
3.143908344324776172e-01
2.515822317293681110e+00
1.044941582948081260e+00
7.970883454228442355e-01
1.566207390772627051e+00
1.619811354567171069e+00
2.686444357604696798e+00
1.542262635894011913e+00
3.868878793950859540e-01
2.587457013061307265e+00
-4.940514912959024230e-01
2.274479538998187556e-01
1.243755404388239061e+00
8.152085110968299020e-01
1.460079786409460567e+00
1.408202878715650863e+00
4.395577688099405744e-02
1.603170143684558679e+00
3.820163330643249200e-01
-6.089390099007421231e-01
6.268480679134293965e-01
-5.578038847671835665e-01
2.344622495508597471e+00
3.325105899899103434e-01
7.310377473926641390e-01
1.743465532137602469e+00
2.031611772148425032e+00
-1.837083667393517583e-01
9.101189444165549425e-01
2.255254204890190461e+00
1.738084282969777572e+00
1.219398134540281564e-01
-4.792692998210308364e-01
5.094826969373635883e-01
-4.215263268217388504e-01
1.441825821784772588e+00
1.060557847151240463e+00
1.890034577754548417e+00
-5.996754326132873736e-01
1.399148651711031199e+00
-4.101537763992437746e-01
-4.343552640247589913e-01
9.316911073559802636e-01
1.432714247262115270e+00
1.106964568524652970e+00
1.379621796000904510e+00
2.318180906265726371e+00
-4.017625184807207539e-01
1.704269400583046101e+00
1.211698523622169787e+00
-1.166136866096785241e-01
2.636105600955867878e+00
1.609259760526615679e-05
-6.236564720628399172e-01
1.183374465442357470e+00
2.144316278960923583e+00
9.008596868522685819e-01
1.601784442902553174e+00
1.510033651980789315e+00
1.284845410831087165e+00
-2.468343381929238856e-01
1.190565769570336663e+00
3.418831106588726687e-01
6.164814696496196955e-01
2.692129843216155116e+00
1.138579855470752689e+00
-2.736741073535697844e-02
-3.050612001261296946e-01
2.698722302423800734e+00
2.358034555484453954e+00
4.984242147117159405e-01
1.331909550757147898e+00
4.334949808318330211e-01
-5.216427075890137655e-01
2.116774282963633347e+00
-1.511362988814157760e-02
1.207904756565442383e+00
-6.355107400912052285e-02
1.999096030565655102e+00
1.585666826600632184e+00
1.228787780928306539e+00
6.207589665112397403e-01
6.922179383878763748e-01
