-9.127479655118753143e-02,2.256763899171267962e+00,2.111664429484435779e+00
6.993814268694908964e-02,1.513626408233692544e-01,1.909202894443696286e+00
-9.095303517078212607e-03,1.026544726521646078e+00,2.003593102761657363e+00
2.008984177817936700e+00,3.044807099625739255e-01,8.905407901526607439e-03
4.743617841812179936e-01,-5.732670150758443217e-01,1.510306794775532868e+00
2.083384633369066208e+00,1.202787855830719232e+00,-8.209665077362138241e-02
-7.265339780784052515e-02,1.960853203277518109e+00,2.086586230932978570e+00
2.038966748631745318e+00,6.254399041277518556e-01,-2.654910772035545818e-02
2.037954457069645287e+00,6.135624313040539679e-01,-2.532231561234654649e-02
-9.724027190841821877e-02,2.353155397667300530e+00,2.119755281128521851e+00
7.599802805897071245e-02,1.045047231097003815e-01,1.902514891959611321e+00
2.163055926524179107e+00,2.423278653554898909e+00,-1.878181793655924192e-01
1.494262819118064023e-02,7.165935854364551272e-01,1.973614911773533320e+00
-5.388914656871768294e-02,1.671379589074961203e+00,2.061621895441132502e+00
-2.208148768040096854e-03,9.346898546532791396e-01,1.994908904695792184e+00
3.112496016794530362e-03,8.653357828437435728e-01,1.988250581452627674e+00
2.113585047343882195e+00,1.644018406326520854e+00,-1.214335671750959023e-01
1.691025822862950445e-01,-2.631572405106192836e-01,1.807499394875438092e+00
1.853948501591644593e-01,-2.898332800070322346e-01,1.791568234724576714e+00
1.494217009038044885e+00,-6.330728303635417831e-01,5.179169840285893223e-01
2.163298872985844667e+00,2.427239867347391389e+00,-1.881489654493708752e-01
1.272423063911812813e-01,-1.627191525526534566e-01,1.848925090940464422e+00
1.808498083447213078e-01,-2.827916451323877478e-01,1.796007511090517372e+00
2.112907927128084395e+00,1.633792703815952319e+00,-1.205403384232976993e-01
2.112461850107249184e+00,1.627063725692128315e+00,-1.199521519952928550e-01
2.323874195979791502e-02,6.171931987554933885e-01,1.963499698163109652e+00
2.004649964481502344e+00,2.639012160375200367e-01,1.387027766052928435e-02
7.248270718056393225e-02,1.312741380171110750e-01,1.906384349780659182e+00
1.758910228860163016e+00,-4.278766620228025008e-01,2.603517217679187645e-01
6.946993344641305690e-02,1.551237373232212668e-01,1.909723136332024618e+00
2.103397030633874287e+00,1.491668936378894417e+00,-1.080454915285420370e-01
6.042883584009195452e-02,2.316399953572256809e-01,1.919867842500520005e+00
-7.446135563472044971e-02,1.989229642219767058e+00,2.089008549679319593e+00
-4.338490500505209901e-02,1.513759681308098681e+00,2.047799765567281050e+00
1.381981301194629141e-01,-1.955890600307617078e-01,1.837970174570548787e+00
1.996508895022472085e+00,1.920830984077505077e-01,2.308030225072144059e-02
1.843123410026109354e+00,-3.349287777317930814e-01,1.783888414826753088e-01
1.449832964148946246e+00,-6.574173970461716365e-01,5.611057355568183080e-01
-8.838687026190306106e-02,2.210365228278094563e+00,2.107757098109412475e+00
-6.281514712161317959e-03,9.887422873016717961e-01,2.000036416040825493e+00
-7.856003510474196538e-02,2.053852107188974152e+00,2.094510322093533716e+00
4.031222567211973917e-01,-5.188325478579052241e-01,1.579627796076139123e+00
1.511996534436034878e+00,-6.225690824261704837e-01,5.006162736780110922e-01
-1.937737679158169080e-02,1.167721718078803539e+00,2.016687406865008469e+00
2.087671577167257375e+00,1.263409292825939501e+00,-8.761338617962488584e-02
-9.716266203640899768e-02,2.351896741909371258e+00,2.119649854508965259e+00
9.750374852419837479e-01,-7.623379897626809676e-01,1.023114640247503093e+00
2.060646263128759870e+00,8.945591039108368170e-01,-5.326577998564285821e-02
2.155033588521096721e+00,2.293124144935233311e+00,-1.769186677320133683e-01
-1.004422038824630548e-01,2.405186790117317841e+00,2.124108563890143131e+00
1.997335190751187373e+00,1.991046048375142430e-01,2.215244120084081114e-02
2.073091575012364185e+00,1.060344644774816159e+00,-6.895228499743111250e-02
1.529090870408582159e+00,-6.120573544217569051e-01,4.839823001171343897e-01
2.039124806253566291e+00,6.273003905202731989e-01,-2.674083283450623405e-02
-9.830842383379345684e-02,2.370490511325479943e+00,2.121206713731010218e+00
-6.499647597601954097e-02,1.841588319656892736e+00,2.076359483027201414e+00
2.137439753800070896e+00,2.012441653271999531e+00,-1.531852077391615552e-01
2.160312280880895663e+00,2.378622787407776773e+00,-1.840853914246982637e-01
1.765802030668269573e+00,-4.209572719588259293e-01,2.536453692564524243e-01
1.056194333588417189e-01,-7.612717263875423690e-02,1.870968899043560896e+00
-9.833261664784598288e-02,2.370883398983644419e+00,2.121239596944866079e+00
2.138441107576558586e+00,2.028228038092129815e+00,-1.545292953779398015e-01
2.157181669883866171e+00,2.327848984812241895e+00,-1.798326269837107194e-01
7.986062757468018747e-01,-7.318188482581255982e-01,1.194794433913535459e+00
3.708648680028779898e-01,-4.915540286615733834e-01,1.611016485218590866e+00
2.172172717907393746e+00,2.572680630649414990e+00,-2.002585076422271904e-01
-5.092044652450189446e-02,1.626488327911696841e+00,2.057703692477923063e+00
1.985349253872500608e+00,1.033436103684731711e-01,3.545797777997983236e-02
1.957718221521072888e+00,-6.718087688901874799e-02,6.492973684782576971e-02
4.916633334615794215e-01,-5.853362117159883748e-01,1.493471188226175972e+00
9.636761300895413385e-03,7.823345079001408076e-01,1.980149381958777877e+00
1.998835494086783182e+00,2.120097369231788154e-01,2.046371384023670803e-02
2.068158505148414150e+00,9.937419956780665364e-01,-6.270630765487461566e-02
2.127268148380108137e+00,1.853488994996767669e+00,-1.395815669203603893e-01
1.871492267073099347e+00,-2.967260425575879434e-01,1.507393370075686967e-01
1.226876473495079001e+00,-7.411197862031577710e-01,7.780578520300640566e-01
-6.818004050478387867e-03,9.959210657604309347e-01,2.000713633376507872e+00
2.132157124674792126e+00,1.929564450897124361e+00,-1.461087288482605384e-01
-8.007276807740404401e-02,2.077803106655553123e+00,2.096544453760033733e+00
2.150011768394072931e+00,2.212316248546149389e+00,-1.701197196801615963e-01
1.874718334833854083e+00,-2.919348542654127687e-01,1.475907178330402303e-01
2.050978950920377297e+00,7.712250505996114391e-01,-4.125106103636477783e-02
2.050206888919529291e+00,7.615973087141397757e-01,-4.029835089668032388e-02
2.059682980910590544e+00,8.820461252726867762e-01,-5.206167259339755660e-02
2.126801719491145271e+00,1.846263561825454147e+00,-1.389599852042211481e-01
2.140131757898972031e-01,-3.294119518388269885e-01,1.763665906317625653e+00
1.762823259865476722e+00,-4.239600106860210715e-01,2.565439910659594869e-01
2.049471809176797166e+00,7.524624634118619593e-01,-3.939224171354838155e-02
2.009726118402798800e+00,3.115860313394861469e-01,8.051270751781136603e-03
4.681567793976137981e-02,3.602655075958434150e-01,1.935493776127396037e+00
-1.159032326492379639e-01,2.659121697611573243e+00,2.145226497649100672e+00
7.104376029777061952e-01,-7.022681069763401229e-01,1.280588662677492495e+00
6.077149638577405977e-02,2.286069312019323174e-01,1.919479931916076243e+00
1.853515309640217268e+00,-3.216139079646678223e-01,1.682663097998740032e-01
2.097757340088368672e-02,6.438595579778538802e-01,1.966244001313347756e+00
1.585289748562673573e+00,-5.745796879870865848e-01,4.292968969087096465e-01
-7.364522655497673931e-02,1.976410326186232247e+00,2.087914742539300761e+00
-4.728215636792931775e-03,9.680352395665631215e-01,1.998078130408684316e+00
-1.095299438110062251e-01,2.553923599378820519e+00,2.136502404183572068e+00
2.157436843886700650e+00,2.331980210270998555e+00,-1.801790038417130368e-01
2.164719058349735548e+00,2.450418298528096894e+00,-1.900834442729240070e-01
-8.453527942952754337e-02,2.148763264817930896e+00,2.102555919416769115e+00
1.971763616374942796e+00,1.086111433550174254e-02,5.014765376419172416e-02
-9.192843664248373514e-02,2.267289937937446709e+00,2.112549669686093257e+00
1.634869060517279982e-01,-2.528690777732525152e-01,1.813005266708691554e+00
2.172298628010656873e+00,2.574754560280432258e+00,-2.004307016540294306e-01
-7.081860046340593406e-02,1.932138183183732316e+00,2.084130862875047008e+00
1.427879028348045809e-01,-2.076639731033762537e-01,1.833411288111904458e+00
2.333051655001150415e-02,6.161178168686718415e-01,1.963388519142454047e+00
-1.490327183178696835e-02,1.105721078910640198e+00,2.010971219020254885e+00
1.864427272711287831e+00,-3.068402025956289414e-01,1.576306908186599909e-01
-3.227276069156426175e-02,1.350956427125964421e+00,2.033311296551397973e+00
2.041744096441608036e+00,6.583631945322208079e-01,-2.992489985190704971e-02
-1.322877067473937629e-02,1.082738775321416158e+00,2.008839047675830436e+00
2.101464904763457930e+00,1.463154525384408489e+00,-1.055193423246081341e-01
-5.277512625425506698e-02,1.654503015613203232e+00,2.060150507184170365e+00
-9.936025705625772808e-02,2.387582726188710147e+00,2.122636762284199730e+00
2.080524545902107114e+00,1.162756353749566651e+00,-7.842962390291563501e-02
-7.634679597614901780e-02,2.018906883534034691e+00,2.091537667461653704e+00
-5.707841027949522861e-02,1.719895731806491135e+00,2.065841181875057941e+00
2.045038814478278510e+00,6.980431254873600277e-01,-3.394810560247862874e-02
2.179489556501930991e+00,2.693656373845377150e+00,-2.102815824036321501e-01
1.986819147963142296e+00,1.143765385000189427e-01,3.384395489760250175e-02
-7.686809052505783058e-02,2.027127236664098220e+00,2.092237460763362478e+00
3.984069103985110605e-02,4.320196014996999789e-01,1.943658741367874310e+00
3.233735135365500835e-02,5.133103682685582481e-01,1.952557073287007006e+00
-1.286502035264258659e-02,1.077762726424112305e+00,2.008376405877595694e+00
2.013063987721676718e+00,3.441147842381054867e-01,4.193466058818762221e-03
-5.274190616586271751e-02,1.654000322708892856e+00,2.060106649879603680e+00
2.111662157929436567e+00,1.615015676760356733e+00,-1.188982164128264962e-01
4.602212289506418808e-01,-5.630754408618241502e-01,1.524066535116543442e+00
2.157732089228065142e+00,2.336761815984780277e+00,-1.805798327828780359e-01
-8.696242037785206769e-02,2.187545034059667159e+00,2.105832179969541862e+00
2.114676278737701587e+00,1.660526850488905470e+00,-1.228740685021774137e-01
7.626130022148513987e-02,1.025459744874825940e-01,1.902226230159743903e+00
6.417461396199486412e-02,1.990485859478936526e-01,1.915642033285252177e+00
-1.471849802840852206e-02,1.103179042354063499e+00,2.010735748385046762e+00
3.094958419815297956e-01,-4.347103339566475988e-01,1.670733086190446581e+00
2.109181996658491265e+00,1.577775039831616155e+00,-1.156338302997999001e-01
-8.159200114297604500e-03,1.013927205309821611e+00,2.002408535636636344e+00
2.306413614752034213e-03,8.757492737703959085e-01,1.989256398539319015e+00
2.172512503785713811e+00,2.578278060137731309e+00,-2.007232204220148475e-01
2.148134439824127107e+00,2.182245049357246280e+00,-1.675829603219625152e-01
2.108429749894479510e+00,1.566517639863941991e+00,-1.146450188835226314e-01
-9.727605380053150341e-02,2.353735738944980671e+00,2.119803889333007341e+00
2.029864254039104310e+00,5.210830412533172806e-01,-1.558930699475435944e-02
1.980703502598437860e+00,6.979248806419036111e-02,4.052714363680165466e-02
2.443288328013801802e-01,-3.658854279958894118e-01,1.734150490693348701e+00
1.939758039503132192e-01,-3.024619072272425324e-01,1.783194514728302593e+00
2.026305471589942897e+00,4.818364120724507593e-01,-1.134926656117363208e-02
1.982923988552097727e+00,8.557826817238589623e-02,3.811034204181606988e-02
1.766330153464631181e+00,-4.204229628979700983e-01,2.531314554922110549e-01
7.661180820275004244e-03,8.072220596691461747e-01,1.982594904349015863e+00
2.126174262359699085e+00,1.836552739100289378e+00,-1.381241283817293830e-01
2.000108550574294153e+00,2.231172451206552276e-01,1.902671984064829847e-02
2.002558178741544737e+00,2.448925152815689676e-01,1.625119591225820947e-02
2.076082646837318357e+00,1.101266460387520185e+00,-7.275667377700623106e-02
1.996730345101916271e+00,1.939588730398366101e-01,2.283178634811811047e-02
8.793319008927324987e-04,8.942681812979832445e-01,1.991039671577913506e+00
2.178732762378614574e+00,2.681101331573548130e+00,-2.092433363677712599e-01
2.149747649590129761e+00,2.208080976303894882e+00,-1.697626622961561083e-01
-7.722697410474888002e-02,2.032790273487130150e+00,2.092719364204395305e+00
2.088825953821988435e+00,1.279856585565437355e+00,-8.910298016732887127e-02
-1.056078172484993249e-01,2.489543196383335655e+00,2.131146614250552407e+00
2.012176305389922870e+00,3.353747657513918012e-01,5.221836375869925995e-03
1.063042453498024509e+00,-7.635706200411487288e-01,9.374797073179594875e-01
1.974188981976463086e+00,2.612048156092872109e-02,4.755471106533382120e-02
2.058029762474379964e+00,8.606834459438773566e-01,-4.999864573782075716e-02
2.099533151101772077e+00,1.434771808217965461e+00,-1.029979410631933767e-01
1.245408318413429027e+00,-7.365334507648484408e-01,7.600250826539362015e-01
8.125413339680387370e-02,6.661863117558974867e-02,1.896781497004033978e+00
7.518579737365793658e-02,1.105882568705192082e-01,1.903406445414346226e+00
3.808151638558343599e-02,4.507066389488674218e-01,1.945734461540879812e+00
2.024821338120959879e+00,4.657389815082143558e-01,-9.588708820658542464e-03
9.230251497163466379e-02,-4.680917234361814394e-03,1.884927647449105903e+00
2.001383739980755028e+00,2.343869447854630694e-01,1.758359381407093025e-02
-8.902858212050768216e-02,2.220659940844044833e+00,2.108624779393588611e+00
2.086142394999485283e+00,1.241701664157718099e+00,-8.564278104667621960e-02
2.116200509204236191e+00,1.683644973922601817e+00,-1.248881943466306765e-01
1.973774794935701848e+00,2.347641436034708651e-02,4.799840127787236010e-02
3.399063056456186338e-02,4.950473987093744199e-01,1.950586440931065813e+00
-4.736230531886342909e-02,1.573037176998563158e+00,2.053019640568044757e+00
9.021265693509028516e-02,7.947648627136261190e-03,1.887149929392914594e+00
2.153247394438662088e+00,2.264321394078683714e+00,-1.744982071487142239e-01
2.020273567803601011e+00,4.174301581651314041e-01,-4.222601943471238073e-03
5.869611807005448156e-02,2.471348388671424923e-01,1.921833486503471189e+00
-6.386159341520891708e-02,1.824041147373703042e+00,2.074848254147132920e+00
2.032902004688299069e+00,5.552879478305418059e-01,-1.922880290585937679e-02
-3.776930165164804620e-02,1.430952550558368452e+00,2.040459965712789092e+00
-2.608692647968524625e-02,1.262251330106947123e+00,2.025310251524346405e+00
2.105413780737976026e+00,1.521564300532749936e+00,-1.106867548536241141e-01
2.120498871790512663e+00,1.749201828320326779e+00,-1.305806103387343597e-01
1.530420006104717734e+00,-6.112229313039112544e-01,4.826889589745027020e-01
5.551557291233288893e-01,-6.259535905962092528e-01,1.431688687104120561e+00
2.099969553277164280e+00,1.441172584327479633e+00,-1.035671742945911689e-01
6.933199238603504622e-02,1.562356348956944752e-01,1.909876503035393247e+00
2.067601454952505691e+00,9.862926805575787936e-01,-6.200328176591396456e-02
1.931768382739175394e+00,-1.707500998008666393e-01,9.137932072887333668e-02
2.150120990497839557e+00,2.214068114820035404e+00,-1.702673906689289307e-01
-1.184297613180977926e-01,2.701017473268100488e+00,2.148691958865184048e+00
-4.564801842140919774e-02,1.547426037578715885e+00,2.050767723400156228e+00
2.161816498805196218e+00,2.403087556006584968e+00,-1.861312609627665537e-01
-2.893923124672204139e-02,1.302974214040950596e+00,2.028993607613089445e+00
-8.854029637245464102e-02,2.212825776626257124e+00,2.107964522309566213e+00
-4.621966110230690816e-02,1.555955913050547590e+00,2.051518289895646774e+00
2.060218077563577666e+00,8.889910836946359751e-01,-5.273036145966059074e-02
1.186853486648123956e-01,-1.323146544100188837e-01,1.857570868990151336e+00
2.012689312540688835e+00,3.404179480299243110e-01,4.627735751206785153e-03
1.991384911831774129e+00,1.499205651150560259e-01,2.879903332057531795e-02
2.178172979405850640e+00,2.671820834669433431e+00,-2.084755952067156581e-01
-1.469768539853277822e-02,1.102892804870258203e+00,2.010709228368906754e+00
2.080952438140236893e+00,1.168723885326385048e+00,-7.897753887093439396e-02
1.135669980603681850e-02,7.608461947526523605e-01,1.978025777785748618e+00
2.167721414525065171e+00,2.499543552634033272e+00,-1.941775557915821349e-01
-3.679250119200339064e-02,1.416658335045234862e+00,2.039186948163060009e+00
9.803868587286723724e-02,-3.733444821208209419e-02,1.878873491437613286e+00
9.891857601936592248e-01,-7.631610504891044311e-01,1.009347388233541531e+00
-4.676197342557530945e-02,1.564057734040820602e+00,2.052230672958049951e+00
5.407154601238994829e-01,-6.172139945543655415e-01,1.445740069565876640e+00
1.288943874857720884e-01,-1.680809835565970634e-01,1.847265644638715898e+00
2.101979581756903581e+00,1.470737919271766447e+00,-1.061918407728783542e-01
1.279218782986933700e+00,-7.270787363313855334e-01,7.271251575287153157e-01
1.970564023126607278e+00,3.512314178568787248e-03,5.142554869887994151e-02
1.312102189626355164e-01,-1.753424646213384008e-01,1.844944265995360766e+00
1.320907020518163000e+00,-7.134706467898581650e-01,6.865596133854081629e-01
3.699802818948438876e-03,8.577700852109871876e-01,1.987518417381926916e+00
2.080623631414726837e+00,1.164137554612220349e+00,-7.855648051696850764e-02
2.033480509168987815e+00,5.618737434942882025e-01,-1.992398218729962700e-02
-7.430741377826977079e-02,1.986810362734813928e+00,2.088802187111853392e+00
2.087760318581463714e+00,1.264671831114857925e+00,-8.772783664452465935e-02
-5.630314327929886176e-02,1.708074985518015065e+00,2.064814593767066775e+00
1.997626436221512591e+00,2.015940757349858892e-01,2.182502266058150564e-02
2.028667133621024909e+00,5.077803806833329769e-01,-1.416014212133154260e-02
-3.144469496892554616e-02,1.338998985981403100e+00,2.032237482296681996e+00
4.404355042951130228e-01,-5.483123747952158844e-01,1.543319416833911273e+00
-5.473808807676849852e-02,1.684265028612749848e+00,2.062744017448475464e+00
-5.998209683710986617e-02,1.764321040198202795e+00,2.069691423103440453e+00
1.319365452608566969e+00,-7.140124991070337934e-01,6.880596657916848713e-01
2.036229857692350098e+00,5.934807215725399487e-01,-2.323679475606632572e-02
2.245181717459909798e-02,6.264364085143812044e-01,1.964453664650035014e+00
8.143864831557379169e-02,6.533531145680482322e-02,1.896581351485074673e+00
2.161751519415672007e+00,2.402029815605120966e+00,-1.860428504871942668e-01
7.023181909635435316e-01,-6.990554501905965612e-01,1.288489413249547688e+00
-8.390463892058042106e-02,2.138707953701111553e+00,2.101705412369271109e+00
2.064673386371700392e+00,9.473820944496956775e-01,-5.831569465034913691e-02
-8.404940692308948691e-02,2.141015437962039414e+00,2.101900624389974492e+00
-7.499145717108146592e-02,1.997564880140682009e+00,2.089719318282281080e+00
2.643327838882991720e-03,8.713926596889887133e-01,1.988835873503757234e+00
3.506224382549216756e-03,8.602617548122581947e-01,1.987759678866659829e+00
2.126658276670628123e+00,1.844042651484977480e+00,-1.387688680082053150e-01
7.152101194357696201e-02,1.387964121293838726e-01,1.907447847435949750e+00
-1.062047421509859646e-02,1.047188913149424971e+00,2.005525860648559089e+00
2.083944259173454938e+00,1.210659857695519648e+00,-8.281544833481513379e-02
2.129528242571022467e+00,1.888580824811433523e+00,-1.425962834324356887e-01
-1.755146644720007032e-02,1.142315981501724531e+00,2.014351254763215415e+00
-4.812959033770658479e-03,9.691619553970952650e-01,1.998184873697925967e+00
5.316813194977931811e-02,2.983025460405505092e-01,1.928150234337824065e+00
2.042846058870763315e+00,6.715603374689838034e-01,-3.126829378816253779e-02
2.273159089280274436e-02,6.231456214644681690e-01,1.964114368182943604e+00
2.150914562704980604e+00,2.226804260974685867e+00,-1.713405936813354735e-01
-4.899464866999081458e-02,1.597509993573167808e+00,2.055166847352493775e+00
-5.454238237666664268e-02,1.681292682746480249e+00,2.062485271000448428e+00
2.024761627044489920e+00,4.650947090608396062e-01,-9.517971993602714065e-03
4.865922860050120313e-02,3.419429512626998013e-01,1.933353383688979799e+00
-2.462196153496387652e-02,1.241458125782951338e+00,2.023422494034666563e+00
2.179163769738651002e+00,2.688250472261670687e+00,-2.098345926632312342e-01
2.009942029998878610e+00,3.136623617474224579e-01,7.802477471386515262e-03
-1.487235725031288425e-02,1.105295665895503099e+00,2.010931818974812657e+00
2.075212348964392994e+00,1.089318711061603606e+00,-7.164841094685581169e-02
-1.130691616947052669e-01,2.612255034899116701e+00,2.141343899136914253e+00
5.627998322285021615e-02,2.691768822511314552e-01,1.924585846628030783e+00
2.045109615631908184e+00,6.989030940379448165e-01,-3.403477923453079867e-02
1.785354402200752810e+00,-4.007701101392484588e-01,2.346187553805598736e-01
5.140578435850540195e-02,3.151594299599225213e-01,1.930178535139364104e+00
2.742600975668993968e-01,-3.987738833524199222e-01,1.705021093199030391e+00
-1.194517336806892871e-01,2.717994401567044971e+00,2.150094829182418010e+00
-1.177935972576844570e-01,2.690458310286936161e+00,2.147819010195580969e+00
8.542070957552849730e-02,3.840959623461881467e-02,1.892280266145460743e+00
2.029332120445374699e+00,5.151573739602439694e-01,-1.495366886393090233e-02
1.323415991714939288e+00,-7.125823802579347443e-01,6.841182105338667885e-01
-9.375369889933304890e-02,2.296730352784232210e+00,2.115023346808243332e+00
2.032867053723483863e+00,5.548907894982011424e-01,-1.918682408505989478e-02
-6.618609211016401872e-02,1.860018478696245259e+00,2.077944877854218664e+00
2.179240647740209091e+00,2.689525977965014025e+00,-2.099400658826855448e-01
4.241012795950960257e-02,4.051470379425766710e-01,1.940638754573854818e+00
3.287878296673119038e-02,5.073080286375851733e-01,1.951911099286887552e+00
9.058154020173836418e-02,5.689784041711609675e-03,1.886757012632057418e+00
2.006747292549337924e+00,2.833384714641067337e-01,1.147307191775770452e-02
-5.719659452315450920e-03,9.812388053774795393e-01,1.999327646056086927e+00
-6.765643470668392112e-02,1.882849116704606196e+00,2.079906189459615362e+00
-1.116975309455507936e-01,2.589622416045880726e+00,2.139466617660253256e+00
-8.538951091946289651e-02,2.162397720709878346e+00,2.103708471549175840e+00
-8.247802766663991925e-02,2.115994060069145810e+00,2.099782596387647082e+00
2.095015417983003392e+00,1.368900580896342367e+00,-9.711824718349548746e-02
4.602024743850144928e-01,-5.630617262474997275e-01,1.524084784609121446e+00
1.956523405204388721e+00,-7.303914353417950700e-02,6.617003569885415715e-02
-3.542627211374771434e-03,9.523087533885519207e-01,1.996585914115226235e+00
-8.664826339668030286e-02,2.182518043411778130e+00,2.105407857843971442e+00
5.298254166378029151e-01,-6.104309967692338468e-01,1.456336836571538562e+00
-6.674945133331622316e-02,1.868759330507193894e+00,2.078696117733754178e+00
2.020563256472860836e+00,4.204608299973731089e-01,-4.563113380448680090e-03
2.074356073311768967e+00,1.077596100820642722e+00,-7.055905644979021396e-02
2.113936432631663642e+00,1.649330372675004597e+00,-1.218972866124552468e-01
5.323585434259003879e-01,-6.120236103544804962e-01,1.453871928657794799e+00
1.655233990412627865e+00,-5.214033834347935326e-01,3.612362988343345016e-01
2.096675082073006458e+00,1.393015678592008477e+00,-9.927544034297430819e-02
2.086581607355156187e+00,1.247927157295646072e+00,-8.620846994995390311e-02
1.994023908854410720e+00,1.713375923073787721e-01,2.586126820299194939e-02
2.111119223229327435e+00,1.606847041633477247e+00,-1.181830501997489513e-01
-8.618155050301323783e-02,2.175053898765095362e+00,2.104777624922267165e+00
-2.718863331344878453e-02,1.277943610955383225e+00,2.026731729536466631e+00
-9.380485818709138890e-02,2.297556509878340592e+00,2.115092715597373996e+00
-1.942075765793704889e-02,1.168327018691762476e+00,2.016742965608567140e+00
3.491309260563135730e-02,4.849424453987101202e-01,1.949489336808204243e+00
-3.090081692375790112e-03,9.463240143394698878e-01,1.996016899767248942e+00
2.109831451085298681e+00,1.587508419715986330e+00,-1.164880108498489442e-01
2.077270167484246421e-02,6.462917269915295915e-01,1.966493123070805371e+00
-1.161737832526357206e-01,2.663602928073549592e+00,2.145597405646757050e+00
2.140366343620625500e+00,2.058646285777336438e+00,-1.571158463628239410e-01
2.182974482748080369e+00,2.751592742780889722e+00,-2.150670158568330770e-01
-1.016908032110683813e-01,2.425530504406693488e+00,2.125808080959059598e+00
2.683959516557199443e-02,5.754132753390875932e-01,1.959149638816498618e+00
2.082827713183342588e+00,1.194966530968243124e+00,-8.138174161335776091e-02
8.505040233188332355e-02,4.085156862074279527e-02,1.892678775960151771e+00
-5.346287219283318848e-02,1.664917504037088491e+00,2.061058726360983862e+00
2.150274025900842823e+00,2.216523153684564207e+00,-1.704743136921926805e-01
-9.174438125702133462e-02,2.264325059974303667e+00,2.112300366847490452e+00
-7.506743187289877106e-02,1.998760053241613655e+00,2.089821206068811499e+00
2.182563288908230703e+00,2.744746365546818723e+00,-2.145019945933044347e-01
2.099174244941826473e+00,1.429512596050324991e+00,-1.025299574823173021e-01
-3.274201594807291116e-03,9.487577127491074735e-01,1.996248367128006906e+00
2.146860964155135498e+00,2.161890068367032569e+00,-1.658637212167239916e-01
-1.013650749682419860e-01,2.420220454306812208e+00,2.125364615440223481e+00
2.082933659350118205e+00,1.196453454222459856e+00,-8.151771110245120688e-02
-6.391363281985662503e-02,1.824845009667694251e+00,2.074917524420495596e+00
1.676446998184971893e+00,-5.037652990568486366e-01,3.405945661009148751e-01
5.360764173357530638e-01,-6.143447977550209327e-01,1.450254179688530431e+00
-3.913292088544650937e-02,1.450962437331404509e+00,2.042238959577701074e+00
1.652850495852398183e-04,9.035735884806077589e-01,1.991933169578091523e+00
-2.364242826059292923e-03,9.367461853580901776e-01,1.995104921276900312e+00
-7.532672925096672856e-02,2.002840162953851255e+00,2.090168980457542069e+00
5.732751764495136459e-02,2.595584434380049377e-01,1.923390908309382308e+00
2.113867316714876932e+00,1.648285240209995006e+00,-1.218060650177827942e-01
1.205442354579863817e+00,-7.459012504141535604e-01,7.989147351387909657e-01
2.171160758708582605e+00,2.556022354452459844e+00,-1.988749286490696377e-01
2.135600929620423472e+00,1.983515351233513746e+00,-1.507192273939585991e-01
2.129863729411884066e+00,1.893801140613653455e+00,-1.430441817613772315e-01
2.035553020734936602e+00,5.856528864594677808e-01,-2.241987738938977515e-02
-3.620437528444719888e-02,1.408067909459338907e+00,2.038421010680433909e+00
1.957451491693876777e-01,-3.049716003046352153e-01,1.781468898307549953e+00
1.953064265974522096e+00,-8.934820084898587034e-02,6.974695209893178038e-02
4.587120869338801032e-02,3.697581269026831707e-01,1.936593210966195855e+00
3.859225925633591459e-02,4.452573127241009621e-01,1.945131144254549804e+00
7.505797938702862826e-02,1.115511732168482650e-01,1.903546882794930450e+00
5.124095144808560320e-01,-5.992362808150955011e-01,1.473283716321533321e+00
-4.745843754216494403e-02,1.574476125534080451e+00,2.053146015346410280e+00
2.068239552043584784e+00,9.948270494046801415e-01,-6.280863206422648837e-02
-5.499994391702434093e-02,1.688243805141303566e+00,2.063090282777763740e+00
-1.242510842505639701e-02,1.071752674023036089e+00,2.007817150107166437e+00
1.650317885815843155e+00,-5.253878876546003163e-01,3.660200100458536054e-01
1.984426201461310768e+00,9.651772713403317105e-02,3.646903136931534117e-02
-2.709089559559618721e-02,1.276549579250142230e+00,2.026605560796973293e+00
1.173978591156220386e+00,-7.519087077977335554e-01,8.295311574117273379e-01
2.144595562570234648e+00,2.125768978251945995e+00,-1.628085036700304133e-01
1.160697587864971680e-01,-1.220677160429108898e-01,1.860232408807631632e+00
9.758417493235271856e-02,-3.485296573973317713e-02,1.879350829018225255e+00
2.017314113125845854e+00,3.868397031439447797e-01,-7.542486539340309548e-04
2.099003915339509252e+00,1.427018238576728937e+00,-1.023079143769813903e-01
-8.811104521731905059e-02,2.205942996160966896e+00,2.107384242264162211e+00
2.007653484475114158e+00,2.918526179972202872e-01,1.043423458421655070e-02
1.999625418932023724e+00,2.188849725886539144e-01,1.957250440732927199e-02
-3.348135849933742136e-02,1.368453716151728505e+00,2.034880072427954545e+00
2.046469373655615875e+00,7.154774962878420741e-01,-3.570113008909836516e-02
4.211056700837761957e-01,-5.333120888028981543e-01,1.562128686199561134e+00
2.040166796725034537e+00,6.396055632056030227e-01,-2.800595683133177971e-02
1.486210806265721551e+00,-6.376611965155234429e-01,5.257075741627725840e-01
-8.884121977202896758e-02,2.217653255265632062e+00,2.108371407595123870e+00
1.971918775655928879e+00,1.182120099833228188e-02,4.998214658023336643e-02
-3.858832544334722670e-02,1.442963336894957482e+00,2.041528216102613147e+00
2.041301938423659923e+00,6.530891650876815557e-01,-2.938650173077483885e-02
2.119092743155277070e+00,1.727697935187253675e+00,-1.287164307221919657e-01
2.109498082655241191e+00,1.582510577680791286e+00,-1.160494991673972631e-01
2.315558778673357798e-01,-3.509958623000986044e-01,1.746583822850782619e+00
1.960416436094015946e+00,-5.351526342129964142e-02,6.211938958000595701e-02
2.134519191016043926e+00,1.966537133805613902e+00,-1.492699037921629834e-01
2.071293191792515476e+00,1.035933977215744983e+00,-6.667111269611036839e-02
3.669647500034944887e-02,4.655817241694757413e-01,1.947373296412826527e+00
2.081547265957396142e+00,1.177032207382333606e+00,-7.973962685318847221e-02
7.222290116784513270e-02,1.332979104809659532e-01,1.906671449228071635e+00
-8.873314607509819041e-02,2.215919290490653726e+00,2.108225270750849312e+00
1.109411784598879347e-02,7.641159115506479527e-01,1.978349655140586583e+00
-1.130314042333646629e-01,2.611631578424024269e+00,2.141292206454915359e+00
1.759736061228752924e+00,-4.270526748188949728e-01,2.595481138405490995e-01
3.127452239430839054e-02,5.251530700071682656e-01,1.953826843847276784e+00
2.020919795594177781e+00,4.241996743422499216e-01,-4.982448858277033210e-03
2.124353261281331839e+00,1.808429678317233114e+00,-1.357003907853346902e-01
2.153275930434547014e+00,2.264781023430870732e+00,-1.745368574846235532e-01
2.137764517055110058e+00,2.017558933342477268e+00,-1.536210350610058839e-01
-1.021724646940103121e-02,1.041720578889356208e+00,2.005014542079434747e+00
2.141067245043832834e+00,2.069741943264593154e+00,-1.580582706638491430e-01
2.008530395125709411e+00,3.001576626299891082e-01,9.427203579795095933e-03
-3.167831684515021173e-02,1.342369986676871463e+00,2.032540352203451306e+00
-4.389391253896746115e-02,1.521317279005555356e+00,2.048466811490588402e+00
2.137717692620780596e+00,2.016820966947709515e+00,-1.535581918798369916e-01
2.120423034411179408e+00,1.748040624571954860e+00,-1.304800193401767228e-01
-3.376973995189436195e-03,9.501168850454562165e-01,1.996377590908430921e+00
2.038955061270105062e+00,6.253023965291741870e-01,-2.653493273445417522e-02
9.877554347428624260e-01,-7.630887293643415781e-01,1.010739194019317555e+00
3.212497037047147286e-01,-4.461312212552190903e-01,1.659295638580196020e+00
2.065173036287467845e+00,9.539923160084162745e-01,-5.894401661662285186e-02
-1.141451941093409861e-01,2.630033003454078866e+00,2.142817442372273895e+00
2.008696848370582266e+00,3.017414072235687916e-01,9.235855983770635547e-03
2.134894717042524981e+00,1.972427874849222107e+00,-1.497729224320936137e-01
-6.490137899466419391e-02,1.840116644037055327e+00,2.076232804278929311e+00
-1.328622925626454787e-02,1.083525337451118897e+00,2.008912144616045392e+00
1.254085180108219788e+00,-7.342413461183712187e-01,7.515818949093721058e-01
2.119539340627233148e+00,1.734521672820560356e+00,-1.293082986708633531e-01
2.009544591105418831e+00,3.098433618045561833e-01,8.260362587298231141e-03
-8.715749682773910045e-02,2.190667634627629479e+00,2.106095702248744761e+00
-9.364231059555061520e-02,2.294931759387480064e+00,2.114872317895855502e+00
-3.706918365294975537e-02,1.420703860274028063e+00,2.039547422079807326e+00
2.595771077197805976e-02,5.855664236196223005e-01,1.960212692748648733e+00
2.151783313129601805e+00,2.240762305307250735e+00,-1.725160145541970724e-01
-7.603907261426323672e-02,2.014057406982449727e+00,2.091124682919319078e+00
-9.097533176020489165e-02,2.251944383797240157e+00,2.111258964104493874e+00
-8.961195643678676603e-02,2.230026395744379109e+00,2.109413853123881299e+00
-6.627601344791855809e-02,1.861413103564680593e+00,2.078064768506764359e+00
2.172394085184403245e+00,2.576327071129851820e+00,-2.005612551909761176e-01
7.023693017685739282e-02,1.489729936688846124e-01,1.908871165646319534e+00
1.978035130227612237e+00,5.142887137476537252e-02,4.341690668919850893e-02
8.305381545917743802e-01,-7.401440519676574237e-01,1.163722502891242128e+00
2.097546934152635156e+00,1.405723027629382837e+00,-1.004099682353016831e-01
1.990368157194821963e+00,1.418390410385088618e-01,2.992662613533558780e-02
1.069310786990163020e-01,-8.235646279320829599e-02,1.869611639007745296e+00
2.023539324693892638e+00,4.519641194209114143e-01,-8.071603521878856213e-03
2.112159684376743840e+00,1.622509049526384750e+00,-1.195538412213486001e-01
2.114192217623381609e+00,1.653199453693824594e+00,-1.222349232563302301e-01
1.973396781700798464e+00,2.107702187800974958e-02,4.840302126146389661e-02
-6.874851071911214362e-02,1.899842538947000836e+00,2.081364196318188142e+00
-1.211339378605733597e-01,2.745976427376973561e+00,2.152405370479939073e+00
-1.500309500187002598e-02,1.107095021674866508e+00,2.011098450927470527e+00
-1.717763306879005469e-02,1.137131820421045214e+00,2.013873519875520213e+00
-1.115115775342236937e-01,2.586556622504051717e+00,2.139212204798965011e+00
4.231235022692159120e-02,4.061603774927243782e-01,1.940753419377171163e+00
2.085856183444301237e+00,1.237648932178154304e+00,-8.527428615759991004e-02
1.783280703740552919e-02,6.814821637624698392e-01,1.970076598828072623e+00
2.025394662178724658e+00,4.719383748011211077e-01,-1.026827525198426017e-02
-1.351564349107081675e-02,1.086667293803956991e+00,2.009204044937252132e+00
-1.416403653194397982e-02,1.095559971707328994e+00,2.010029447502564182e+00
2.136454784001128537e+00,1.996937041888783515e+00,-1.518639412228881547e-01
2.162763163834402924e+00,2.418506692505657085e+00,-1.874196196930917324e-01
1.934653084081206620e+00,-1.614235444760949711e-01,8.848242930683403173e-02
2.142660067929674561e+00,2.094999522800470970e+00,-1.602014630673747053e-01
1.020394517482177132e-01,-5.840982286609541774e-02,1.874688711513444961e+00
2.162065110887045893e+00,2.407135239674524474e+00,-1.864695479137914447e-01
1.688341612860033703e-02,6.929601747189710892e-01,1.971237222685272350e+00
-7.830310499819370662e-02,2.049789458043171919e+00,2.094165023097517064e+00
-7.211321925138691746e-02,1.952390566272035777e+00,2.085863045071683963e+00
8.146751215481395914e-02,6.513484681036041390e-02,1.896550049384636560e+00
1.974171429525605870e+00,2.600811115359780157e-02,4.757352125237246376e-02
-8.804776322655549770e-02,2.204928642897791669e+00,2.107298706928830256e+00
-4.487233100593290835e-02,1.535868187266446583e+00,2.049749815513885576e+00
1.976338048972351880e+00,4.009323959965227502e-02,4.524663917330762342e-02
1.926451262914202545e+00,-1.867688671118623578e-01,9.669709823779504276e-02
2.126304935081663849e+00,1.838574229212655453e+00,-1.382981718131792714e-01
2.022498042440884713e+00,4.408657575037234766e-01,-6.841907740193775567e-03
-7.403529045363477223e-02,1.982535210483233445e+00,2.088437449418309555e+00
2.172079036118761408e+00,2.571137732137585452e+00,-2.001303955209703389e-01
-8.865205119877384021e-02,2.214618345615384509e+00,2.108115620433388848e+00
2.174526248172520937e+00,2.611492931983524279e+00,-2.034788592684733111e-01
2.169061700201448062e+00,2.521527384252764570e+00,-1.960071601340327430e-01
6.447713115841879894e-02,1.964709925290605286e-01,1.915302154115546163e+00
-9.650096371110783444e-02,2.341170368109390054e+00,2.118751167064532925e+00
5.810411059128850475e-02,2.524889095126178207e-01,1.922506647634620425e+00
9.244038251399749884e-01,-7.574265546946945538e-01,1.072384700480874864e+00
1.998114489862126364e+00,2.057828079302280733e-01,2.127591497580072488e-02
2.108157519592833040e+00,1.562448099413088265e+00,-1.142873282797016721e-01
-1.139544085134640561e-01,2.626879428464041766e+00,2.142556123183933625e+00
-5.800608816560570702e-02,1.734062934939811118e+00,2.067070369982249467e+00
-7.064069419490004442e-02,1.929358388480288067e+00,2.083892942157042683e+00
7.823769379184686290e-02,8.804714879804453886e-02,1.900064247426921149e+00
1.024668593937222649e+00,-7.641718234077492511e-01,9.748201320113951684e-01
1.808671597938185327e+00,-3.754879806006550247e-01,2.119269830398782251e-01
2.141492692181825142e+00,2.076482576094087928e+00,-1.586305195853159322e-01
7.551931164581049405e-02,1.080828608928365853e-01,1.903040178527331427e+00
-5.432611060022907168e-02,1.678009289314022379e+00,2.062199378764894675e+00
-1.996368539294945954e-02,1.175909195988669165e+00,2.017438519732790425e+00
1.991931960598738005e+00,1.543079236295101797e-01,2.819136734380200959e-02
2.045981070460663354e+00,7.095127130770220170e-01,-3.510234276664614406e-02
2.041636622352158703e+00,6.570801259297618380e-01,-2.979399948408456567e-02
1.160767491604111079e-01,-1.220957354197398370e-01,1.860225282874682140e+00
-8.932617667422793062e-02,2.225437110331314194e+00,2.109027274251443096e+00
2.042991045395435634e+00,6.733023020752364474e-01,-3.144521275345391054e-02
1.142909249279397743e+00,-7.566660639086051354e-01,8.597637801886586217e-01
2.045269216489004727e+00,7.008427552029902197e-01,-3.423019333683208210e-02
-9.625154834685334393e-02,2.337129521333943583e+00,2.118412504484096903e+00
-1.122155519577190397e-01,2.598166170186875235e+00,2.140175466343440469e+00
9.536403136881643761e-04,8.933013014621088432e-01,1.990946735220107122e+00
2.100644411205494499e+00,1.451083685782687205e+00,-1.044478771329235833e-01
2.050616294479142176e+00,7.666984297970895756e-01,-4.080342072189990787e-02
1.974195666564604768e+00,2.616328359927089231e-02,4.754754731466981355e-02
-1.704046981989004728e-02,1.135231190904642862e+00,2.013698282534229111e+00
1.873126383568701758e-02,6.706707688136823720e-01,1.968979762122469612e+00
2.139256576415442979e+00,2.041101568309065861e+00,-1.556244984764061368e-01
2.069767055942830947e+00,1.015335260348969149e+00,-6.473900189956238727e-02
1.648433029254039450e+00,-5.269054070010406043e-01,3.678541063472575701e-01
9.271081623219922241e-01,-7.577666935513009960e-01,1.069753192989605806e+00
-3.428880645357956780e-03,9.508035515423204354e-01,1.996442863421181046e+00
-5.288702291455038562e-02,1.656196500285748385e+00,2.060298241991738166e+00
-6.975895264787856931e-02,1.915592929250182541e+00,2.082714170554048394e+00
-9.398548421004471187e-02,2.300473817536224708e+00,2.115337648549252769e+00
2.035945709392006364e-02,6.512056814991908915e-01,1.966995862894446390e+00
7.048609029973829099e-02,1.469865155943145263e-01,1.908594692435347628e+00
2.138227312081009579e+00,2.024855533251626927e+00,-1.542422529552114341e-01
-4.300214551724468315e-02,1.508082155019208948e+00,2.047298354899558248e+00
2.177192003868482661e+00,2.655570240017789629e+00,-2.071306539686277315e-01
2.178192498039379643e+00,2.672144340317436306e+00,-2.085023617339571977e-01
5.630459578241608920e-02,2.689498079136884989e-01,1.924557742128166993e+00
2.102714899354754863e+00,1.481587743071266061e+00,-1.071531596091455096e-01
2.110204717018916210e+00,1.593108510027811731e+00,-1.169791439659877419e-01
2.073967580864805704e+00,1.072288303713972546e+00,-7.006516221730541005e-02
1.036773230334379070e+00,-7.641722677813613807e-01,9.630414819351125200e-01
1.892988824083394972e+00,-2.621103510191709063e-01,1.297262240509503561e-01
1.991692308166554959e+00,1.523825260238850232e-01,2.845765975188063734e-02
2.180703775330062655e+00,2.713819901202296769e+00,-2.119480961450399548e-01
3.807583537763981063e-02,4.507673613089391296e-01,1.945741175330707895e+00
2.156675374943445522e+00,2.319656035579079845e+00,-1.791455145444400543e-01
-4.355184111427434779e-02,1.516237369473732999e+00,2.048018500951685361e+00
9.840946706618769468e-02,-3.934548946468452435e-02,1.878484383600939278e+00
1.995078892923039859e+00,1.800767512068409681e-01,2.468236375486176915e-02
-5.481912476635875109e-03,9.780682900547994496e-01,1.999027877080013615e+00
1.918176732595369138e+00,-2.090233446824822927e-01,1.049245452198073192e-01
2.177998409503408173e+00,2.668927764002230418e+00,-2.082362122801684201e-01
2.163311392723020532e+00,2.427444030821452436e+00,-1.881660129258551084e-01
2.040546995289215459e+00,6.441126321945276345e-01,-2.846808072031636883e-02
2.012570965950743140e+00,3.392526223588878675e-01,4.764841639282368924e-03
-4.752896780161863788e-02,1.575532037462081369e+00,2.053238740256771333e+00
2.194049475899259027e-01,-3.362088674205414573e-01,1.758414700580260392e+00
-7.978201494442727082e-02,2.073195502568323967e+00,2.096153339407030636e+00
2.143055342576386302e+00,2.101276466925509290e+00,-1.607336377126002969e-01
2.161013237682883670e+00,2.390017746745032312e+00,-1.850385571373915905e-01
-3.257389538440458310e-02,1.355311094249383563e+00,2.033702007639538678e+00
-4.494598789498516211e-02,1.536964854555522564e+00,2.049846444649150889e+00
3.342108189374257687e-01,-4.584221580980918365e-01,1.646683495754476256e+00
1.016993385781501669e-01,-5.667116110277525820e-02,1.875043307883941246e+00
1.300581659271107027e+00,-7.203759352205187927e-01,7.063375984405901864e-01
1.969925212327259256e+00,-3.477791387829221037e-04,5.210483437598423251e-02
2.104401925785569283e+00,1.506548335005879036e+00,-1.093609993264581526e-01
2.146752207858602990e+00,2.160153380872873896e+00,-1.657169550893626830e-01
1.653828402277922605e-01,-2.564178440137918624e-01,1.811145330595230973e+00
-4.042467742953870236e-02,1.469976291061932061e+00,2.043926172834499511e+00
1.260567858758299131e-02,7.453479720827440591e-01,1.976486896146832706e+00
2.632829072345521659e-03,8.715283288724356980e-01,1.988848974922071910e+00
-2.839924525436310354e-02,1.295240883041854030e+00,2.028295501099962372e+00
-5.869272121528057440e-02,1.744564714011342277e+00,2.067980714564183309e+00
-1.309115248886771887e-02,1.080855487892914413e+00,2.008663993469526510e+00
2.154674761201744726e+00,2.287332694243729314e+00,-1.764322334712116191e-01
2.116778883704925285e+00,1.692435085702808095e+00,-1.256530768253376618e-01
-1.135139864805976284e-01,2.619601904796662328e+00,2.141952963997094006e+00
2.083670843507986703e+00,1.206812260372772672e+00,-8.246421444340001905e-02
-1.158622642292073124e-01,2.658443230553208636e+00,2.145170336444789161e+00
2.113968231874200576e+00,1.649811271160153359e+00,-1.219392580108591417e-01
2.078565847526074428e+00,1.135537881293030349e+00,-7.592471108871712282e-02
2.317462402390479959e-02,6.179448330639641940e-01,1.963577382447112107e+00
-2.827529184566990317e-02,1.293467262629592884e+00,2.028135302946536989e+00
2.433323102444051589e-02,6.044039918095817088e-01,1.962174843494146614e+00
2.154241504648284344e+00,2.280343491535298028e+00,-1.758450279766212709e-01
1.151734173369283631e+00,-7.554331578654149837e-01,8.511765174763805675e-01
2.511070530361382280e-01,-3.735585166418171621e-01,1.727553325869262579e+00
2.011391662449730333e+00,3.277028719022413439e-01,6.129382919573544974e-03
2.021299846594100558e+00,4.281957299575511744e-01,-5.429734915092687686e-03
2.178864988056054663e+00,2.683294234792829247e+00,-2.094247116095242500e-01
2.006707464924566420e+00,2.829658673358558252e-01,1.151868685842361018e-02
3.656689113291589077e-02,4.669806751687120006e-01,1.947526829743472465e+00
2.164521400956648023e+00,2.447190100253038292e+00,-1.898141262321699774e-01
-9.352902899354353927e-02,2.293102855533719175e+00,2.114718731259928930e+00
1.050451893911963364e-02,7.714720432104522629e-01,1.979077323006654510e+00
1.847088227763428403e+00,-3.299241296212132024e-01,1.745273452258232494e-01
3.062280527244748418e-01,-4.314871724240521011e-01,1.673912920061652265e+00
1.988802724285569923e+00,1.295822983389085525e-01,3.165807341499216054e-02
1.975117271623420656e+00,3.210377154408949885e-02,4.655896176256268948e-02
-1.694125754118269711e-02,1.133856936532472881e+00,2.013571546904996179e+00
2.018298239558938612e+00,3.969366918424817037e-01,-1.905510818969169407e-03
3.571866391891731496e-02,4.761682944540032159e-01,1.948532685709472023e+00
-1.100646226939732131e-01,2.562721682960472869e+00,2.137233305580890530e+00
8.868755210188339344e-02,1.741415784975941516e-02,1.888777429354758786e+00
-1.026791291281214935e-01,2.441654665863394413e+00,2.127154093130887880e+00
2.129908249900594797e+00,1.894494116051099963e+00,-1.431036273600205799e-01
2.731955942545816196e-02,5.699093100376932952e-01,1.958571711260274739e+00
1.365252546086286323e-01,-1.909569712305885236e-01,1.839635861181192933e+00
2.042116902733879691e+00,6.628194905914013280e-01,-3.037913348546217307e-02
2.085432604581932914e+00,1.231657041879207437e+00,-8.472912783014385774e-02
-4.950560978438223181e-02,1.605187555082900008e+00,2.055839554111464462e+00
6.358908818294168874e-01,-6.695921192801366217e-01,1.353127788503500906e+00
2.117269293341969671e+00,1.699895945392781549e+00,-1.263018918668472601e-01
2.041253269544371030e+00,6.525093944005282420e-01,-2.932726183010880838e-02
-5.483838824521525268e-03,9.780939683100920989e-01,1.999030305618664238e+00
-9.141547767789592882e-02,2.259028635951256803e+00,2.111854930273771025e+00
5.978708091342199715e-02,2.373482530064934259e-01,1.920595067279835755e+00
-8.318418890628742624e-02,2.127231538964820423e+00,2.100734171628858782e+00
1.984274574939667968e+00,9.540403143876075021e-02,3.663492902008647079e-02
1.211804980386174568e+00,-7.445403110900632448e-01,7.927234592928105172e-01
2.064704853493061876e+00,9.477980329411787030e-01,-5.835525390045126493e-02
-1.087233364744419895e-01,2.540660641436894629e+00,2.135400130298704457e+00
1.972420611383021605e+00,1.494148082411395073e-02,4.944649527571498560e-02
-8.156714796974529058e-02,2.101515469926195756e+00,2.098555748927022346e+00
-8.500982437089832366e-02,2.156335521058203142e+00,2.103196117233160134e+00
7.163967388304233186e-01,-7.045727403870973848e-01,1.274790010522204309e+00
1.981908668812347951e+00,7.830330614516045618e-02,3.921679788912590947e-02
1.387664681750179874e+00,-6.871212349701245614e-01,6.215997826444570329e-01
1.966165423732463502e+00,-2.232283561892822732e-02,5.608592768562326025e-02
2.126167470216447697e+00,1.836447677981871696e+00,-1.381150823397072624e-01
-8.037477410775006881e-02,2.082591106043583107e+00,2.096950778633125179e+00
2.035751486113428044e+00,5.879450576222262637e-01,-2.265932581960039549e-02
1.754035613338281063e+00,-4.327123176248188763e-01,2.650951426957472989e-01
-3.998960725884437295e-02,1.463566019708876009e+00,2.043357697841312159e+00
2.171548660870771030e+00,2.562405618008321895e+00,-1.994052011595035534e-01
-2.330525572206010310e-02,1.222841494024901055e+00,2.021728161346275421e+00
-1.121987774185833064e-01,2.597889433005398097e+00,2.140152509751294119e+00
1.661060619116982995e+00,-5.166310176616604188e-01,3.555665841774521274e-01
2.101550195146760558e+00,1.464410599640381339e+00,-1.056307654277324204e-01
6.018023960602347788e-01,-6.522339790637734502e-01,1.386298247517254056e+00
2.018045508390262199e+00,3.943364889857086109e-01,-1.609658293834304033e-03
2.000075953735829692e+00,2.228310446920406251e-01,1.906356069640557926e-02
1.914894001567551740e+00,-2.170648258883405290e-01,1.081749526471893486e-01
-5.843570553221355546e-02,1.740632200619614434e+00,2.067639906679722195e+00
1.685231137975968352e+00,-4.962463210336642838e-01,3.320469844947535609e-01
2.888137022103831608e-02,5.521070421796678840e-01,1.956694259407325331e+00
8.562787611650590769e-02,3.704897453969957510e-02,1.892057451694017178e+00
2.179694414701870642e+00,2.697056568492810946e+00,-2.105626873851516034e-01
1.503905124733967202e+00,-6.274032615321454287e-01,5.084897760589515148e-01
-2.724585624980813137e-02,1.278759951342600898e+00,2.026805603743835782e+00
-6.666996404247993446e-02,1.867525534595812164e+00,2.078590103766019492e+00
2.180656971742880756e+00,2.713042220575764496e+00,-2.118838417793775797e-01
2.131806690649790781e+00,1.924091118560602442e+00,-1.456401582048971743e-01
5.750051423141744333e-02,2.579790921248954483e-01,1.923193808437816621e+00
1.946957804015466031e+00,-1.158749212754484059e-01,7.601388099395889331e-02
4.492203710649289583e-02,3.793695100944040055e-01,1.937700081777019356e+00
-9.748182710438024756e-02,2.357073639073919757e+00,2.120083441500908439e+00
2.097630750414147816e+00,1.406946071646820728e+00,-1.005190844318142318e-01
-2.548464416142448563e-02,1.253692572649284909e+00,2.024533813786127734e+00
1.741963485181266869e+00,-4.444862190893676956e-01,2.768423004336493243e-01
-3.242848110508367299e-02,1.353207865704702417e+00,2.033513324239095255e+00
2.080732439228273556e+00,1.165654751520575960e+00,-7.869579972339058038e-02
2.015072004907328740e+00,3.641208373873758841e-01,1.860790734921735634e-03
1.806260243548438726e+00,-3.781709854811987626e-01,2.142737960863969615e-01
8.687268979258899737e-02,2.895672073723287721e-02,1.890720567672741215e+00
1.130143437549080421e-01,-1.094858872870105859e-01,1.863353881581578664e+00
2.139834750798243590e+00,2.050238529936866172e+00,-1.564013436616313868e-01
6.100856009223898369e-02,2.265146102329638200e-01,1.919211720129025078e+00
2.068390452273194846e+00,9.968481282724093173e-01,-6.299917501833229849e-02
2.167160578434363938e+00,2.490354304935512353e+00,-1.934123210209424126e-01
2.171622678986829591e+00,2.563623954419833595e+00,-1.995063969479919930e-01
1.180499741642306644e+00,-7.507621614549431222e-01,8.231856260683355631e-01
2.059234533095978925e+00,8.762372153273264574e-01,-5.150162186326956437e-02
-1.072207887829663697e-01,2.515985701056885127e+00,2.133347950259327330e+00
2.180060035061171853e+00,2.703126794673452071e+00,-2.110644523486291391e-01
6.877047983825956834e-01,-6.930615902697263575e-01,1.302709256951295469e+00
2.129302293609999452e+00,1.885066601432733080e+00,-1.422946831687561531e-01
2.052882136461831486e+00,7.951021751792572978e-01,-4.360395493358559804e-02
-5.650071539982537416e-02,1.711085790842576726e+00,2.065076156854790845e+00
2.183148678354791095e+00,2.754493925580499436e+00,-2.153064081530497997e-01
1.398715669081407320e-02,7.283111301043985186e-01,1.974787961167990158e+00
1.936918821948128588e+00,-1.537608804007795094e-01,8.620070837802151775e-02
-1.181865386777292137e-02,1.063481530699702304e+00,2.007046626949233747e+00
-8.466814434384728472e-02,2.150882870953599202e+00,2.102735146531977684e+00
2.370943225612576200e-02,6.116835955692392357e-01,1.962929657261722971e+00
2.166495873212758383e+00,2.479470698059947686e+00,-1.925056341818682792e-01
-8.982756786311396624e-02,2.233490008242196012e+00,2.109705555212029182e+00
2.127741293756898688e+00,1.860824334042765260e+00,-1.402123040971443579e-01
2.047587531036871855e+00,7.291894954242530424e-01,-3.707389186882359411e-02
2.016533775796187200e+00,3.788875589508637898e-01,1.571239384811073947e-04
-3.750167097856782483e-02,1.427032827541646398e+00,2.040111064650981021e+00
7.727539285961270155e-01,-7.241584774350440235e-01,1.219950559280449154e+00
1.990893497857973760e+00,1.460027854508808565e-01,2.934431355403843700e-02
6.275747637184769800e-02,2.112322669148237742e-01,1.917236993318399030e+00
2.144562514229495953e+00,2.125242882036245007e+00,-1.627639634740343233e-01
2.103946486617222611e+00,1.499800555656358281e+00,-1.087646441532805763e-01
1.961284739651132369e+00,-4.898704402134734792e-02,6.121215882771979810e-02
5.332595467303624659e-02,2.968056549736691752e-01,1.927968934764089592e+00
2.108248546105692345e+00,1.563808583849177092e+00,-1.144069215326952715e-01
-1.879753552297347419e-02,1.159638631600900416e+00,2.015945038113644561e+00
2.318895247841024077e-02,6.177768420219953427e-01,1.963560021633662167e+00
-1.034328317085431159e-01,2.453963485538904088e+00,2.128181018954036219e+00
2.100400425190445119e+00,1.447498659818886368e+00,-1.041294100020233593e-01
8.288741566684565409e-02,5.536890461876553537e-02,1.895012479081445989e+00
1.977844233135727769e+00,5.014045917792586682e-02,4.362303980115556090e-02
-7.082983165988898655e-02,1.932313697931786978e+00,2.084145883712979597e+00
2.439232407782676582e-02,6.037157045585614945e-01,1.962103377953349881e+00
2.069202245301297260e+00,1.007739338405069240e+00,-6.402482016214050553e-02
2.122566833369994743e+00,1.780927869702532140e+00,-1.333257104784537628e-01
2.164139021672861318e+00,2.440947066651861341e+00,-1.892931911920685550e-01
1.963567826230785851e+00,-3.677219912429108284e-02,5.881993715133604361e-02
2.121445101763492325e+00,1.763703827857590500e+00,-1.318361634705182972e-01
-3.000076655722727637e-02,1.318208884960484939e+00,2.030367048475965053e+00
-2.386302816956265005e-02,1.230719311691033102e+00,2.022445624563514954e+00
-2.643189031459747262e-02,1.267159810296116573e+00,2.025755174569088268e+00
-1.114508283572461789e-01,2.585555189148723176e+00,2.139129095367604982e+00
2.968987971279715143e-01,-4.221667194186384808e-01,1.682991117156067196e+00
-5.561076585045543474e-02,1.697532731179802745e+00,2.063898271909609505e+00
6.360663448765879746e-02,2.039101866829284848e-01,1.916280728661569288e+00
8.299011938307943037e-02,5.466977938123773750e-02,1.894901437135469546e+00
2.149860386598015261e+00,2.209888585331898359e+00,-1.699150628484427106e-01
2.144856707078518276e+00,2.129926998777792235e+00,-1.631604863278466322e-01
1.952515475969262226e+00,-9.184837695259040480e-02,7.031258177387611497e-02
2.156222475748839518e+00,2.312331536325917369e+00,-1.785310253298066918e-01
2.148476975424388868e+00,2.187726119688770510e+00,-1.680456118045443592e-01
2.027432275333296730e+00,4.941649497350861786e-01,-1.268897610778285667e-02
1.263150799611582054e-01,-1.596413119617126064e-01,1.849857749679516772e+00
1.909941620514277627e+00,-2.284615022719203026e-01,1.130663293870615149e-01
2.098985543623649086e+00,1.426749257728080922e+00,-1.022839668729602636e-01
-1.148931837696709479e-03,9.207682201278302170e-01,1.993579792957620223e+00
-1.181950491665335612e-01,2.697120895671350382e+00,2.148369856638008280e+00
-5.239798121064742631e-02,1.648797919096750775e+00,2.059652665199752430e+00
-2.503402118723863090e-02,1.247298251419068915e+00,2.023953194847390336e+00
1.989896630669208299e+00,1.381234194183965647e-01,3.044874928803209535e-02
2.067856913414145570e+00,9.897070370885273638e-01,-6.232562516453321599e-02
-2.421381346796569467e-02,1.235680044573018943e+00,2.022897048464180170e+00
2.257253825173888284e-02,6.250158322070722416e-01,1.964307241574346108e+00
2.075831822858268616e+00,1.097819649726181845e+00,-7.243715706065101401e-02
-7.028217361899868898e-02,1.923758910563788227e+00,2.083413564347549318e+00
2.090364291115901274e+00,1.301853874264266242e+00,-9.109065942264482629e-02
1.936670393365331311e+00,-1.546160230652984247e-01,8.645117647618871803e-02
1.515631473805767460e-02,7.139804227296120409e-01,1.973352788504138200e+00
1.999658376074481048e+00,2.191730232543190882e-01,1.953529036039869382e-02
2.041409697176454596e+00,6.543733757196656953e-01,-2.951768170679391901e-02
-5.889027677491065482e-02,1.747588713230697754e+00,2.068242721006706475e+00
2.101729274798215030e+00,1.467048711056624821e+00,-1.058647415560258764e-01
9.850301355851039942e-01,-7.629441542552677369e-01,1.013391098964839365e+00
2.123560692772612057e+00,1.796217436510717080e+00,-1.346464632533375116e-01
2.106634834924736133e+00,1.539729094709042734e+00,-1.122881130268096328e-01
2.035177291210451322e+00,5.813205766911707650e-01,-2.196676936290642423e-02
-1.049473800345221974e-01,2.478730052082994906e+00,2.130245770159793661e+00
1.426702312853689314e-03,8.871526229324833146e-01,1.990355292216842376e+00
3.650421986222746051e-01,-4.864461923254532749e-01,1.616682351741024704e+00
-1.151054327769167607e-01,2.645914676031905888e+00,2.144133027447921780e+00
2.175899315947019907e+00,2.634180874316264465e+00,-2.053592576221558996e-01
2.070932496102058984e+00,1.031055829307842675e+00,-6.621415589776535882e-02
5.533259825160097289e-02,2.779568333130617575e-01,1.925668686734858914e+00
1.997658332072893561e+00,2.018671723328910872e-01,2.178915345033982653e-02
2.118500413585876263e+00,1.718656268635109008e+00,-1.279317299515723150e-01
2.151598417377032391e+00,2.237790282866927161e+00,-1.722658023899006352e-01
3.785665428533813159e-01,-4.982226341251621005e-01,1.603522216299976044e+00
2.181294518341646338e+00,2.723638691512651810e+00,-2.127592117874241850e-01
2.022188221898579830e+00,4.375792583803380653e-01,-6.476467716771239225e-03
1.457629901888706447e+00,-6.533325884230167802e-01,5.535187748019692044e-01
5.589140589526804259e-01,-6.281809291188369393e-01,1.428031571723708648e+00
2.012456090650716956e+00,3.381225691579620163e-01,4.897896355213204878e-03
1.938112043520123340e+00,-1.496010406668699666e-01,8.499667654509568404e-02
1.976265545209361818e+00,3.961488864147133526e-02,4.532467018829755556e-02
-2.187337275592016184e-02,1.202675136637393782e+00,2.019888204342354943e+00
9.190139707232880539e-02,-2.287696013712148257e-03,1.885353481660160035e+00
1.381554855418862804e-01,-1.954725705682520687e-01,1.838012607596621883e+00
-5.136238336938570015e-02,1.633154313658561341e+00,2.058286401285410072e+00
1.980226055245267069e+00,6.645812829840203051e-02,4.104536348786202993e-02
2.163716956659330393e+00,2.434059310239096163e+00,-1.887183065284938621e-01
1.358080718214371707e-02,7.333107710780475408e-01,1.975287336806243133e+00
-6.890349353777702746e-02,1.902256659187413268e+00,2.081571197607438251e+00
2.134137958695158321e+00,1.960560436519231509e+00,-1.487593667974005385e-01
2.047026132530142650e+00,7.222957994992909025e-01,-3.638438378750907809e-02
-6.588266275206189349e-02,1.855314043731728813e+00,2.077540375274855133e+00
-1.178158513029177179e-01,2.690827573011443263e+00,2.147849543193278254e+00
-1.184989817833266290e-01,2.702166812651693562e+00,2.148786958473674069e+00
-2.408845962986205791e-02,1.233906755747085082e+00,2.022735712773509498e+00
1.195805565343733390e+00,-7.478687916432991134e-01,8.082919989006175365e-01
-5.497958610031905557e-02,1.687934405765045831e+00,2.063063360115528155e+00
2.058242397597446427e+00,8.634230545813295077e-01,-5.026374021856683250e-02
1.298452667784400605e+00,-7.210693822509157691e-01,7.084092546982492244e-01
2.032892838087684062e+00,5.551837769353630270e-01,-1.921779287367009204e-02
2.127882481557117345e+00,1.863014357878797433e+00,-1.404005575430451458e-01
2.023951353822922350e+00,4.563779878054499139e-01,-8.558814951241000557e-03
2.147666698282403086e+00,2.174764633054405039e+00,-1.669513447505539538e-01
1.207887877522388909e-01,-1.402190825059903556e-01,1.855437182683714381e+00
1.337809085552540855e+00,-7.073337052946711001e-01,6.701127327778458875e-01
-3.217551506587090770e-03,9.480087335962492645e-01,1.996177143552164690e+00
-4.121120371389563886e-03,9.599737315286003270e-01,1.997313751999688414e+00
2.027686321566249283e+00,4.969571362703676387e-01,-1.299138335803795563e-02
-1.073386054629577036e-01,2.517919014217515628e+00,2.133508810634736186e+00
2.006119624095354048e+00,2.774820628700205294e-01,1.219152941804801937e-02
-3.967839807742890024e-02,1.458984625312776950e+00,2.042951195643869511e+00
1.987363689548039547e+00,1.185146619128140122e-01,3.324477008831139280e-02
-5.605574440789906632e-02,1.704306456985666962e+00,2.064487120560375200e+00
2.979352634316456694e-02,5.417868081371824962e-01,1.955599988854411775e+00
8.290573052573668722e-02,5.524415989050046605e-02,1.894992675585217334e+00
-1.195681636065692999e-02,1.065364409896427222e+00,2.007222120880526539e+00
2.093793860682978014e+00,1.351214594526134904e+00,-9.553261371503740662e-02
4.988218055119120198e-02,3.299405998526072636e-01,1.931937656937610104e+00
9.051187486768508261e-02,6.115244787672668991e-03,1.886831195043327636e+00
1.200020911828884485e+00,-7.470220270797980344e-01,8.041901746461618261e-01
2.067871351185297968e+00,9.899000995889454257e-01,-6.234384603090692423e-02
-1.519220930685438731e-02,1.109699136714227929e+00,2.011339529359692513e+00
-8.849804627698509840e-02,2.212148146692903161e+00,2.107907400558840294e+00
2.104800854138013211e+00,1.512464449637078268e+00,-1.098835487285949597e-01
2.168487442663492359e+00,2.512104192288439286e+00,-1.952231038890306358e-01
-7.086424658668111221e-02,1.932851534567347596e+00,2.084191911651071649e+00
2.068345643690835622e+00,9.962478727588099936e-01,-6.294259127035894963e-02
2.000533845228448904e+00,2.268599343326129780e-01,1.854582975980600956e-02
-9.259934859338070368e-04,9.178452394764442523e-01,1.993300273697524494e+00
3.204931084737305813e-02,5.165120459369930694e-01,1.952900972258424517e+00
2.115608339930269644e+00,1.674655359432874135e+00,-1.241054186184133989e-01
2.028211658870143097e+00,5.027456954519693433e-01,-1.361714381349732328e-02
1.539564215660550461e-01,-2.336840836537148469e-01,1.822374899529785708e+00
-1.029053242180639760e-01,2.445347561293517380e+00,2.127462245006828567e+00
3.273441274056958505e-01,-4.519493644443648428e-01,1.653365298803457284e+00
2.040038144249403551e+00,6.380825258753020091e-01,-2.784964376834353494e-02
-4.236887956858614857e-03,9.615096043942088500e-01,1.997459468327731358e+00
2.086482776716022336e+00,1.246525648011147291e+00,-8.608115802454796572e-02
2.002557802174336210e+00,2.448891275195335115e-01,1.625162363026622092e-02
4.102326799603394081e-01,-5.246187399817556773e-01,1.572708860313905888e+00
-8.150012054477784318e-02,2.100450803099713326e+00,2.098465497389278234e+00
-1.123056135966589153e-01,2.599652041829043192e+00,2.140298722152213173e+00
1.976657329420880016e-01,-3.076632245038566360e-01,1.779596105625753877e+00
9.538694372472622529e-02,-2.260161997227583264e-02,1.881664093948816951e+00
2.405465800198093307e-01,-3.615381356316060835e-01,1.737831930631374089e+00
-9.612275472162590262e-03,1.033530295083355588e+00,2.004247847257370374e+00
-2.298852849949239996e-03,9.358846123297490660e-01,1.995022802563256370e+00
1.465298065916750936e+00,-6.492359793280264579e-01,5.460571197927793774e-01
-8.445751389734046377e-02,2.147522846022808629e+00,2.102451024670567215e+00
2.980128670975946692e-01,-4.232891342515747723e-01,1.681907023506106214e+00
2.038899075184883891e+00,6.246438145407691156e-01,-2.646703378474168922e-02
3.941485698883084865e-03,8.546620177417703079e-01,1.987217288544655514e+00
2.016033262751397714e+00,3.738123046049344200e-01,7.409872024051189499e-04
-2.115128582341219143e-02,1.192536895184923562e+00,2.018961360650139980e+00
2.027521395082630296e+00,4.951439253747568214e-01,-1.279504592849778355e-02
7.139065701776292627e-02,1.398225880316519287e-01,1.907592164535071744e+00
2.063904186817838049e+00,9.372298770345504071e-01,-5.734916578468896020e-02
2.129468487916927444e+00,1.887651322032359857e+00,-1.425165174788929345e-01
1.692733392581337037e-01,-2.634599047073304945e-01,1.807332119915714852e+00
1.992233301004823431e+00,1.567363880228384021e-01,2.785634230797973121e-02
-1.184969044355363987e-01,2.702132319186886455e+00,2.148784107440781188e+00
2.088159406996496603e+00,1.270353499518258378e+00,-8.824266853844453529e-02
1.987870620119025711e+00,1.223916342213736685e-01,3.268636233727173490e-02
-1.004045515431262192e-01,2.404573778085629332e+00,2.124057330649462561e+00
1.485486652627641790e+00,-6.380719018249456642e-01,5.264122258365899754e-01
4.114573194550444901e-01,-5.256071961227304357e-01,1.571517201048854062e+00
7.280909762224530013e-02,1.287405265385134223e-01,1.906023890026865342e+00
-1.201622682497831551e-01,2.729807889907910123e+00,2.151070556458328120e+00
2.130330797935604537e+00,1.901073744389349951e+00,-1.436679197973993460e-01
-9.539400485928961615e-02,2.323245747540239492e+00,2.117248452388972524e+00
1.131987927860521603e-01,-1.102646540747536097e-01,1.863165051850929066e+00
2.136805166043562743e+00,2.002449795686868761e+00,-1.523338589855067760e-01
-5.985713617242427453e-02,1.762404308324225788e+00,2.069525558107282670e+00
-5.655540365698108474e-02,1.711919384897327756e+00,2.065148564772842033e+00
2.005256410338340345e+00,2.694828304876069058e-01,1.317814624432178672e-02
-1.057251206527261012e-01,2.491464614883948769e+00,2.131306648034532181e+00
-6.716659580168338195e-02,1.875236919277132763e+00,2.079252567121591788e+00
2.119939580665496592e+00,1.740641904338842361e+00,-1.298388963340408875e-01
2.164282446060129761e+00,2.443288404883007914e+00,-1.894885739168308270e-01
2.072129172918049989e+00,1.047262981132292881e+00,-6.773093184198653027e-02
3.752772469415088796e-02,4.566372174267288031e-01,1.946389248519615034e+00
2.174149337675895133e+00,2.605270746229020329e+00,-2.029628930721627533e-01
2.140856767033961994e+00,2.066408757918194894e+00,-1.577752216632295479e-01
5.958817122670057032e-02,2.391248379935413393e-01,1.920820659261731178e+00
2.066841941242778091e+00,9.761597734068423460e-01,-6.104549489889721237e-02
1.465716109917797327e+00,-6.490103786219556525e-01,5.456503340083858067e-01
3.378658477785390080e-02,4.972908469258381370e-01,1.950829352599805500e+00
1.954550740302945400e+00,-8.245705384320101139e-02,6.821235482525844773e-02
2.092043724841578189e+00,1.325970838249110439e+00,-9.326403425357621124e-02
5.593544539920547454e-02,2.723610240743317146e-01,1.924979410450157857e+00
6.303790334994197053e-02,2.088071049570583426e-01,1.916921012159106485e+00
1.844319579319131153e+00,-3.334280267775966422e-01,1.772239062357721107e-01
2.134062742459224893e+00,1.959381672570787991e+00,-1.486586539944692031e-01
2.180341003166832436e+00,2.707793085370979291e+00,-2.114500984351082025e-01
7.598782588324881626e-02,1.045807569379464397e-01,1.902526081189598317e+00
2.088030178627081401e+00,1.268513049658205993e+00,-8.807593910333366694e-02
-6.801945706195922092e-02,1.888494570864486466e+00,2.080390733114279911e+00
2.068608245817414648e+00,9.997670438194965481e-01,-6.327424516764224016e-02
2.173859655601473762e+00,2.600490242519433171e+00,-2.025663981127148183e-01
-3.938520325891281537e-02,1.454671429509037717e+00,2.042568325249960903e+00
2.053407188499718039e+00,8.017250947881939815e-01,-4.425416503709334037e-02
2.076509995779862727e+00,1.107145405356549261e+00,-7.330126470522602133e-02
7.914324074573697576e-02,8.152534555774981762e-02,1.899076610909030016e+00
1.992047466755605400e+00,1.552377916208480535e-01,2.806297427293902302e-02
6.716194951823206694e-01,-6.861476124238341523e-01,1.318361371689232397e+00
-9.498201001529449350e-02,2.316580752171161439e+00,2.116689389197811799e+00
2.169321638009257924e+00,2.525794767138515251e+00,-1.963621349026514196e-01
2.042451713122388934e+00,6.668289779626868086e-01,-3.078729179663630688e-02
2.010534952360451211e+00,3.193841508795645101e-01,7.118721861159360564e-03
-7.225543533260436746e-03,1.001383491024672390e+00,2.001228365663109798e+00
-6.481017205971228989e-02,1.838705394712740970e+00,2.076111315342950459e+00
1.206680552021830000e+00,-7.456402650475268956e-01,7.977098832178668442e-01
2.154666246419209230e+00,2.287195298377953989e+00,-1.764206918009498803e-01
2.150125038352998175e+00,2.214133045260598287e+00,-1.702728636463297640e-01
9.532215408641653287e-02,-2.223390642885281210e-02,1.881732449540504781e+00
2.043415079443571258e+00,6.784043620685187292e-01,-3.196285983215196858e-02
2.063375110732933670e+00,9.302639533874772493e-01,-5.668489763652861946e-02
2.047757727273168626e+00,7.312830890635915182e-01,-3.728303725622361675e-02
-7.903947934846122791e-02,2.061437345172294044e+00,2.095154813477516420e+00
1.951811907696764825e+00,-9.501940117001517194e-02,7.103701957026931080e-02
-4.297107608926897804e-02,1.507621508758369089e+00,2.047257661469634726e+00
1.414818972977438527e-02,7.263325002966485311e-01,1.974590143869209502e+00
8.954027820570975571e-02,1.209502026636022354e-02,1.887866847942365034e+00
2.103050877750872960e+00,1.486551219930372092e+00,-1.075926051602813516e-01
6.170644351964349461e-02,2.203838966040814196e-01,1.918422888576431840e+00
4.874932935052436189e-01,-5.824672589866433103e-01,1.497528926103891989e+00
2.120644301827023348e+00,1.751429070205604788e+00,-1.307735249812087552e-01
2.003412601098149892e+00,2.526110936288442632e-01,1.527987696554122810e-02
-5.746997273883658330e-02,1.725872557866296120e+00,2.066359904901987843e+00
1.486335956783363388e-01,-2.218252522100829793e-01,1.827625804335570869e+00
-5.702447684126776828e-02,1.719072832906274106e+00,2.065769745333213336e+00
-9.390505047461594756e-02,2.299174642465152019e+00,2.115228575639494402e+00
3.384679059774575727e-03,8.618272528227803875e-01,1.987911195136430553e+00
1.909643488553758095e+00,-2.291214354485318072e-01,1.133603626344443782e-01
2.285668221883618845e-02,6.216758861456268548e-01,1.963962711339111378e+00
1.172441311607312908e-01,-1.267269224412432838e-01,1.859036231926137095e+00
2.173066294371706064e+00,2.587405241855933014e+00,-2.014807783244876305e-01
-3.292603322631260099e-02,1.360407497474682925e+00,2.034159033132559635e+00
3.035924176973672228e-01,-4.288719818167925357e-01,1.676477620222769138e+00
3.915839561990508422e-02,4.392397768890784482e-01,1.944463034346472607e+00
-4.725665833237746583e-03,9.680013437047620961e-01,1.998074918827784430e+00
2.103567641605392780e+00,1.494192806954582453e+00,-1.082687585827313281e-01
1.384845838699438225e+00,-6.883488605679592975e-01,6.243427122791107564e-01
-1.056866609293825032e-01,2.490834620293618684e+00,2.131254177485016221e+00
-4.960211508711043216e-02,1.606638520992052621e+00,2.055966639273099972e+00
6.589734664677271425e-03,8.208100187008883220e-01,1.983923993527615837e+00
3.411612984183132191e-03,8.614802778112429227e-01,1.987877617682968445e+00
2.163956869317192222e+00,2.437974073996602264e+00,-1.890450708323261342e-01
2.176506988578361224e+00,2.644232130926360114e+00,-2.061918342404804871e-01
2.054643298052241995e+00,8.173773383938967019e-01,-4.578677651761542400e-02
7.663927792894631441e-02,9.974506575364761041e-02,1.901812075661577506e+00
-4.649295725904845078e-02,1.560037628204884896e+00,2.051877252792473794e+00
2.123085656556924050e+00,1.788906083067562935e+00,-1.340150638679709072e-01
2.109117848615063906e+00,1.576814368524710464e+00,-1.155494854694618656e-01
2.119214307683193965e+00,1.729554805465406186e+00,-1.288775186576425202e-01
-9.676137974904985839e-02,2.345390766619778411e+00,2.119104814370680767e+00
1.126310949609450551e+00,-7.587310451166682235e-01,8.759150760438322303e-01
1.990270535974164368e+00,1.410681088150436135e-01,3.003476436461427479e-02
2.070745136664525976e+00,1.028524297072501259e+00,-6.597687035505450659e-02
2.005238290552187053e+00,2.693156015942845816e-01,1.319883829650392304e-02
1.839666357055069090e+00,-3.392240636264560738e-01,1.817553524747776983e-01
-4.184914616118962094e-02,1.491008675615108636e+00,2.045788926163498722e+00
2.020792200414187612e+00,4.228605352231656900e-01,-4.832349570599969724e-03
-1.088833466604137712e-01,2.543290743087590400e+00,2.135618759435063740e+00
2.141091254794399656e+00,2.070122233367013731e+00,-1.580905610817859852e-01
4.024792922233496606e-01,-5.183053513853972394e-01,1.580253445219354624e+00
2.098092577709667506e+00,1.413689460277155918e+00,-1.011204626709951704e-01
5.250735786122414650e-01,-6.074191086647813265e-01,1.460960704279467226e+00
1.920664068977076422e+00,-2.026467512154388473e-01,1.024568564819360317e-01
2.167991794948584960e+00,2.503975779000311430e+00,-1.945465522208815745e-01
7.020253936765985525e-02,1.492476282728031345e-01,1.908909337592819444e+00
-1.090066618696745593e-01,2.545318000214568777e+00,2.135787261965509387e+00
-4.794542409814983586e-02,1.581770004127709628e+00,2.053786356705607385e+00
-1.800153950293092997e-02,1.148565267241178578e+00,2.014926674516609673e+00
6.908968615705857186e-02,1.581929973760057839e-01,1.910146011747023476e+00
2.127246581293792183e+00,1.853154773412221124e+00,-1.395528213411478813e-01
2.073482822927613434e+00,1.065674744563289922e+00,-6.944918918886400228e-02
2.059789973331471735e+00,8.834335817129774782e-01,-5.219533977213997034e-02
3.958843843549353370e-02,4.346848938146306018e-01,1.943955983225369888e+00
2.074284295055421001e+00,1.076614919716114338e+00,-7.046778773892126146e-02
1.570174826559781467e-01,-2.401106332986899794e-01,1.819361456750290484e+00
1.581432361585806579e+00,-5.772979902591655055e-01,4.330504017803553651e-01
2.101053509322297508e+00,1.457099349687551726e+00,-1.049820132988581456e-01
1.820297890743050040e-02,6.770217628063770476e-01,1.969624513052946835e+00
2.048402149122567906e+00,7.392255514906054259e-01,-3.807539980115870470e-02
9.608605030911610001e-02,-2.654578459685841274e-02,1.880927038735234591e+00
2.131526303313361126e+00,1.919714061244931047e+00,-1.452653265494701085e-01
-4.637120951557616166e-02,1.558219016256220613e+00,2.051717332317000597e+00
1.187606749541302298e-01,-1.326028147815685454e-01,1.857494358379124133e+00
1.433703170860189946e-02,7.240141278812063375e-01,1.974358224204675549e+00
1.482424078869987172e+00,-6.398009647367846053e-01,5.293923223406296064e-01
1.994736741138518177e+00,1.772314196895919958e-01,2.506498596374506782e-02
1.848043181862987439e+00,-3.287054080206310847e-01,1.735971834359729682e-01
-6.248686047522022946e-02,1.802831829236192673e+00,2.073019251966146559e+00
-6.340442912308041912e-02,1.816982374752165619e+00,2.074239826374379092e+00
2.165196986425636183e+00,2.458227002327221911e+00,-1.907347550801270497e-01
9.990401087001810065e-02,-4.733110895034298160e-02,1.876918629430045282e+00
2.620432808806927305e-02,5.827218918033114647e-01,1.959915259195014636e+00
-4.935770389723947993e-02,1.602964333422587817e+00,2.055644800003917805e+00
1.962030462299777733e+00,-4.504669677127348670e-02,6.043187766651347825e-02
-2.989791806875952140e-02,1.316731001084495922e+00,2.030233919132941267e+00
8.983448824000817012e-02,1.027520205418219756e-02,1.887553032069276382e+00
2.150145051445091049e+00,2.214454074375916015e+00,-1.702999228937991383e-01
4.800493507591929720e-02,3.484143628454847708e-01,1.934112172315338940e+00
1.906778405323605874e-03,8.809246046343800485e-01,1.989755448707687169e+00
2.172601835345356669e+00,2.579749993541331499e+00,-2.008454082500303883e-01
1.447965437062397775e+00,-6.583837696752470325e-01,5.629229688337433757e-01
2.083078959555728193e+00,1.198493443944218306e+00,-8.170421123706139710e-02
5.533160357153443787e-02,2.779660918594716312e-01,1.925669824697961552e+00
2.039782416105785590e+00,6.350582417165830940e-01,-2.753902594946855409e-02
-9.316853283397663610e-02,2.287284485774762732e+00,2.114230035251439155e+00
-9.193580806282430906e-02,2.267408695982655154e+00,2.112559654791008601e+00
-6.135745770164513502e-03,9.867941177133641162e-01,1.999852485233809984e+00
2.068503088896441522e+00,9.983574278919727929e-01,-6.314142455460824976e-02
-5.580280584725838544e-02,1.700455373528874103e+00,2.064152377820482887e+00
2.176449386052214052e+00,2.643279080726647301e+00,-2.061129027315835582e-01
-6.453860582852688488e-02,1.834504748584071088e+00,2.075749631027964170e+00
-1.166854241788510826e-01,2.672080809496693909e+00,2.146298956711956141e+00
-3.015841349426318097e-02,1.320474963454493000e+00,2.030571135615239164e+00
2.026708410838367946e+00,4.862345039035594896e-01,-1.182804005527349211e-02
-9.589682624888995477e-02,2.331384718153682201e+00,2.117930930928719757e+00
-2.530500925391176992e-02,1.251142606604574326e+00,2.024302326254440842e+00
-1.930936429984209113e-02,1.166772885871483867e+00,2.016600307039551510e+00
2.087226686881726856e+00,1.257084384559460366e+00,-8.703976022287651659e-02
7.777275180064811000e-01,-7.256964912492498421e-01,1.215110912107779217e+00
2.106690628924660302e+00,1.540560253220348397e+00,-1.123613234540263850e-01
1.982473275670065149e+00,8.233699069031463758e-02,3.860179711576505746e-02
-6.431386042680098392e-02,1.831029824738412248e+00,2.075450356736127766e+00
2.013490143217939732e+00,3.483334165848277486e-01,3.699151015791879438e-03
2.105063416160104950e+00,1.516361091596204247e+00,-1.102275706684456846e-01
2.086681412762538379e+00,1.249342878941454238e+00,-8.633705037213346145e-02
