-1.255749911069869995e-01
-1.895509362220764160e-01
4.352842271327972412e-02
1.011051088571548462e-01
-2.702517062425613403e-02
-1.589977592229843140e-01
6.142785027623176575e-02
-1.519058132544159889e-03
-1.871211677789688110e-01
-1.047992110252380371e-01
1.575397253036499023e-01
1.624976657330989838e-02
7.769095152616500854e-02
-1.558541506528854370e-02
-6.834983080625534058e-02
-9.419687837362289429e-02
-1.757292635738849640e-02
4.141712561249732971e-02
4.874441027641296387e-02
-3.106082230806350708e-02
