1.341287195682525635e-01
9.547989070415496826e-02
5.906878411769866943e-02
-2.677204273641109467e-02
-4.114082083106040955e-02
3.022832982242107391e-02
2.222262173891067505e-01
2.047211118042469025e-02
5.789535120129585266e-02
-1.418364495038986206e-01
3.807392343878746033e-02
-4.980971664190292358e-02
1.046421602368354797e-01
-4.633708298206329346e-02
-5.559505522251129150e-02
8.065822476055473089e-05
1.492534279823303223e-01
-8.490966260433197021e-02
-6.428495049476623535e-02
-4.835033323615789413e-03
-6.534005701541900635e-02
1.223859563469886780e-01
3.666568920016288757e-02
-2.496885880827903748e-02
-1.220782995223999023e-01
2.160015255212783813e-01
3.561180457472801208e-02
1.155917197465896606e-01
1.691364198923110962e-01
-1.567826606333255768e-02
-1.362627744674682617e-01
-3.960008546710014343e-02
-1.065690740942955017e-01
-2.499120496213436127e-02
2.184945717453956604e-02
-1.177555546164512634e-01
2.049024999141693115e-01
-2.532590739428997040e-02
1.562557965517044067e-01
5.903451144695281982e-02
