2.443352527916431427e-02
7.765590399503707886e-02
-1.432898342609405518e-01
-9.991155564785003662e-02
-1.556146889925003052e-02
-1.177490502595901489e-01
-1.459356248378753662e-01
-1.366205364465713501e-01
1.051254644989967346e-01
1.758130788803100586e-01
-4.666450992226600647e-02
-8.322897553443908691e-02
2.471552416682243347e-02
-9.559196978807449341e-02
7.786222547292709351e-02
5.600721761584281921e-02
-4.127460718154907227e-02
-5.552823841571807861e-02
-1.222245842218399048e-01
1.096580922603607178e-02
