6.170444190502166748e-02
-6.458032131195068359e-02
1.440462917089462280e-01
-1.425389572978019714e-02
3.540067002177238464e-02
-2.242740839719772339e-01
-6.677134335041046143e-02
2.345168031752109528e-02
9.556204825639724731e-02
8.718314766883850098e-02
-7.526928931474685669e-02
-9.242007136344909668e-02
-3.600056841969490051e-02
7.987176626920700073e-02
5.968049541115760803e-02
-1.189898252487182617e-01
-4.465929698199033737e-03
4.385094344615936279e-02
-1.883520781993865967e-01
1.288838833570480347e-01
1.618825942277908325e-01
7.275009527802467346e-03
-1.952261179685592651e-01
-8.973094820976257324e-02
-1.020765751600265503e-01
1.145136207342147827e-01
3.566505759954452515e-02
1.834482513368129730e-02
-1.265004277229309082e-01
1.266457289457321167e-01
-9.997583925724029541e-02
-1.975081115961074829e-01
7.208663225173950195e-02
5.986306443810462952e-02
2.550573274493217468e-02
1.149344351142644882e-02
5.738143622875213623e-02
8.168539963662624359e-03
1.202266216278076172e-01
6.846185773611068726e-02
