-3.940987586975097656e-01
8.433333635330200195e-01
5.368267297744750977e-01
-3.998549282550811768e-01
-8.797913193702697754e-01
5.760807991027832031e-01
-6.707286089658737183e-02
3.750650286674499512e-01
-6.838140487670898438e-01
3.931548297405242920e-01
-6.349743157625198364e-02
-3.308449685573577881e-01
-2.681595683097839355e-01
-4.615992605686187744e-01
-2.344420105218887329e-01
-6.583730578422546387e-01
4.845466911792755127e-01
2.464701980352401733e-01
3.632229287177324295e-03
-2.937905788421630859e-01
