2.394627630710601807e-01
-6.665449738502502441e-01
1.004156231880187988e+00
7.553368806838989258e-01
-1.652846336364746094e-01
-7.959601283073425293e-01
1.298371911048889160e+00
-1.930645555257797241e-01
3.188271224498748779e-01
1.719411164522171021e-01
1.334853377193212509e-02
-3.382282853126525879e-01
-2.213836275041103363e-02
-4.378912150859832764e-01
3.552880585193634033e-01
-1.997017562389373779e-01
-1.198921561241149902e+00
-1.084099650382995605e+00
9.280354380607604980e-01
-1.178622484207153320e+00
-5.015985667705535889e-02
1.280685424804687500e+00
5.106356143951416016e-01
2.496240735054016113e-01
1.088910847902297974e-01
5.496680140495300293e-01
8.651332855224609375e-01
8.618505299091339111e-02
3.478854298591613770e-01
-7.925207614898681641e-01
-2.998617887496948242e-01
3.552026748657226562e-01
5.421924591064453125e-01
1.071193456649780273e+00
-1.999718844890594482e-01
9.240934252738952637e-01
2.008203864097595215e-01
-1.118583083152770996e+00
-1.043457627296447754e+00
7.202208042144775391e-03
