-7.173541188240051270e-02
1.351667046546936035e-01
-4.967827349901199341e-02
1.423780620098114014e-01
7.712178677320480347e-02
2.492868751287460327e-01
-1.766996383666992188e-01
-4.628815129399299622e-02
-2.144832313060760498e-01
7.061643153429031372e-02
1.671841293573379517e-01
4.034914448857307434e-02
-1.219418793916702271e-01
2.182594873011112213e-02
-3.973729908466339111e-02
-6.989873945713043213e-02
-1.553558856248855591e-01
-5.079360678791999817e-02
-1.493182219564914703e-02
2.359377741813659668e-01
