-1.299031674861907959e-01
4.263641685247421265e-02
-1.367882490158081055e-01
-2.153722047805786133e-01
-2.073694486171007156e-03
5.783436074852943420e-02
2.735852636396884918e-02
5.121130868792533875e-02
1.537545323371887207e-01
-9.677328169345855713e-02
9.238182008266448975e-02
3.936973586678504944e-02
-1.433282941579818726e-01
1.165005117654800415e-01
-1.162928491830825806e-01
8.783215284347534180e-02
5.371849611401557922e-02
8.471067249774932861e-02
-1.086472570896148682e-01
-2.084369771182537079e-02
-6.575398147106170654e-02
-7.495481520891189575e-02
-8.924861252307891846e-02
5.592851713299751282e-02
1.879886239767074585e-01
-1.954056620597839355e-01
-1.336964964866638184e-01
7.758145686239004135e-03
-6.523772329092025757e-02
-1.552353799343109131e-01
-1.426563709974288940e-01
-1.448299139738082886e-01
-1.572008877992630005e-01
1.545712947845458984e-01
5.087822303175926208e-02
-8.685068041086196899e-02
1.882849484682083130e-01
-1.634989231824874878e-01
-1.122325584292411804e-01
-1.509001255035400391e-01
