-9.781578928232192993e-02
1.782260648906230927e-02
-3.696228191256523132e-02
1.006549373269081116e-01
1.389193981885910034e-01
3.625921532511711121e-02
-1.216311566531658173e-02
3.217831254005432129e-02
-1.353707313537597656e-01
1.016258969902992249e-01
7.566175609827041626e-02
2.728180214762687683e-02
8.050479926168918610e-03
-1.418536622077226639e-02
1.049404963850975037e-02
1.095213666558265686e-01
1.012547127902507782e-02
3.475513681769371033e-02
-1.507205665111541748e-01
1.873140633106231689e-01
