-1.851487606763839722e-01
-4.076189827173948288e-03
-3.784176707267761230e-02
4.224988073110580444e-02
1.827022619545459747e-02
-7.883091270923614502e-02
-1.739156842231750488e-01
-8.065824210643768311e-02
1.003702506422996521e-01
-1.102701872587203979e-01
1.484242379665374756e-01
3.205763176083564758e-02
-7.323247194290161133e-02
1.260873973369598389e-01
2.216837927699089050e-02
5.918832495808601379e-02
-1.264496445655822754e-01
1.106027811765670776e-01
4.271553363651037216e-03
-3.370124101638793945e-02
-7.920217514038085938e-02
6.439701467752456665e-02
-2.995238639414310455e-02
8.976904302835464478e-02
-1.016678810119628906e-01
6.954278051853179932e-02
7.537602633237838745e-02
-2.527180314064025879e-02
-8.667201548814773560e-02
-6.642620265483856201e-02
3.275054693222045898e-02
1.071156412363052368e-01
-1.045111641287803650e-01
5.784781649708747864e-02
2.089521288871765137e-01
-2.113553136587142944e-02
9.922672063112258911e-02
1.025822758674621582e-01
1.322144567966461182e-01
1.900529563426971436e-01
