1.266180127859115601e-01
8.568251878023147583e-02
6.198510527610778809e-02
1.161586791276931763e-01
5.569730326533317566e-02
1.359458416700363159e-01
-6.717377156019210815e-02
6.260178238153457642e-02
4.354742914438247681e-02
2.227177098393440247e-02
-3.444195026531815529e-03
-3.502607345581054688e-02
1.055396068841218948e-02
-8.652978390455245972e-02
-1.559636890888214111e-01
1.379187554121017456e-01
3.156808763742446899e-02
-5.081041157245635986e-02
-1.554693132638931274e-01
-1.281019449234008789e-01
