-4.857544600963592529e-02
9.711048007011413574e-02
8.198960870504379272e-02
-7.407685369253158569e-02
-1.190320178866386414e-01
1.027780678123235703e-02
6.103532388806343079e-02
1.174176186323165894e-01
3.502194955945014954e-02
2.508297562599182129e-03
1.427841931581497192e-01
3.659432753920555115e-02
-6.980028748512268066e-02
-1.268627401441335678e-02
-5.601696670055389404e-02
1.010355502367019653e-01
9.375736117362976074e-02
-2.159189619123935699e-02
-1.596666127443313599e-01
7.582208514213562012e-02
1.410408020019531250e-01
1.244364678859710693e-02
7.929988205432891846e-02
-1.698631942272186279e-01
-8.937398344278335571e-02
-1.668706908822059631e-02
-2.070002257823944092e-02
-3.077532909810543060e-02
-5.838749557733535767e-02
5.644863843917846680e-02
-6.946873664855957031e-02
-9.555653668940067291e-03
-4.378435760736465454e-02
-1.104918494820594788e-01
7.673550397157669067e-02
-9.437832236289978027e-02
-5.352440103888511658e-02
-4.277183860540390015e-02
-1.029458120465278625e-01
-1.955209858715534210e-02
