-8.525203913450241089e-02
5.531170591711997986e-02
3.723544767126441002e-03
8.203543839044868946e-04
-8.430695533752441406e-02
5.181374028325080872e-02
-1.504953857511281967e-02
4.277385398745536804e-02
-1.358588971197605133e-02
-1.054075509309768677e-01
-1.669049412012100220e-01
2.936491928994655609e-02
7.650025188922882080e-02
9.072656184434890747e-02
-6.412030197679996490e-03
5.942741781473159790e-02
7.875199615955352783e-02
1.283434331417083740e-01
-5.861376971006393433e-02
-1.271584928035736084e-01
