9.008849412202835083e-02
3.804115578532218933e-02
3.341699764132499695e-02
-3.452331945300102234e-02
8.964604884386062622e-02
-1.133365482091903687e-01
1.215885132551193237e-01
1.194931268692016602e-01
-1.868862658739089966e-02
-1.742610335350036621e-01
-5.056761205196380615e-02
-5.242543760687112808e-03
1.088059768080711365e-01
-3.491661697626113892e-02
1.385972797870635986e-01
9.515172988176345825e-02
-2.437347359955310822e-02
1.738168448209762573e-01
-7.876153290271759033e-02
1.565971225500106812e-01
-1.746397018432617188e-01
5.784964561462402344e-02
7.610815763473510742e-02
1.689567044377326965e-02
-9.477864950895309448e-03
1.648591905832290649e-01
-6.883376836776733398e-02
-1.599963605403900146e-01
1.630331724882125854e-01
-8.976758271455764771e-02
7.503421604633331299e-02
-1.421657800674438477e-01
-7.442378252744674683e-02
-4.011279344558715820e-02
5.237522348761558533e-02
1.294260323047637939e-01
4.793896153569221497e-02
-6.659173965454101562e-02
1.737885177135467529e-01
-4.972117021679878235e-02
