1.877966970205307007e-01
-5.976588129997253418e-01
-6.988660693168640137e-01
-2.630777359008789062e-01
4.484231024980545044e-02
5.774112343788146973e-01
6.755644679069519043e-01
-5.935535430908203125e-01
1.506357640027999878e-01
3.390909433364868164e-01
-5.606315732002258301e-01
-6.130598187446594238e-01
5.417072772979736328e-01
-4.027352631092071533e-01
-9.515302628278732300e-02
4.627017378807067871e-01
-5.573403835296630859e-01
2.176859676837921143e-01
-2.276171445846557617e-01
-2.506401538848876953e-01
