-1.057815909385681152e+00
3.869455456733703613e-01
-9.914130568504333496e-01
-3.572258651256561279e-01
1.010461449623107910e+00
3.446438908576965332e-02
-8.511735200881958008e-01
-5.977219939231872559e-01
-6.845696568489074707e-01
1.526497770100831985e-02
-6.072346568107604980e-01
1.325273513793945312e-01
1.263995170593261719e-01
-2.778331339359283447e-01
-7.453897595405578613e-01
-8.008747696876525879e-01
9.045422077178955078e-01
1.363889425992965698e-01
-5.706998109817504883e-01
-6.718853861093521118e-02
-7.228599190711975098e-01
7.504086196422576904e-02
6.518847495317459106e-02
3.747060596942901611e-01
-3.412685990333557129e-01
1.050706282258033752e-01
4.214334785938262939e-01
-1.484172195196151733e-01
8.348255753517150879e-01
-2.978355884552001953e-01
4.177490472793579102e-01
-7.628024816513061523e-01
-4.959413409233093262e-01
1.721137785352766514e-03
-7.256347537040710449e-01
2.340714260935783386e-02
-1.648090630769729614e-01
-3.596476018428802490e-01
-5.205031633377075195e-01
1.586764901876449585e-01
