-3.650080412626266479e-02
-1.763850152492523193e-01
-3.261594474315643311e-02
4.517640918493270874e-02
3.282478079199790955e-02
1.975427120923995972e-01
6.045369058847427368e-02
-5.604916810989379883e-02
-1.627777516841888428e-01
-1.121271178126335144e-01
-1.050130575895309448e-01
-6.850428879261016846e-02
1.335943304002285004e-02
-1.143391579389572144e-01
1.460864692926406860e-01
1.260062158107757568e-01
-1.197152212262153625e-02
-1.250045448541641235e-01
-1.611928045749664307e-01
1.088275164365768433e-01
