-1.382638067007064819e-01
-9.336715936660766602e-02
-8.961582928895950317e-02
1.109413802623748779e-01
3.018013387918472290e-02
-6.277315551415085793e-04
-6.005560606718063354e-02
1.673917099833488464e-02
-4.196151718497276306e-02
-2.566696889698505402e-02
-7.540658861398696899e-02
-2.366648428142070770e-02
-1.259154379367828369e-01
-2.286313772201538086e-01
-3.766717622056603432e-03
-1.431891173124313354e-01
1.407853886485099792e-02
-1.456884294748306274e-01
-9.761952608823776245e-02
-8.983154594898223877e-02
-2.109819278120994568e-02
-1.698429584503173828e-01
-1.963388621807098389e-01
6.386781483888626099e-02
-4.557152837514877319e-02
-2.119165845215320587e-02
-1.547440588474273682e-01
-6.421280652284622192e-02
-1.329357735812664032e-02
-1.575759947299957275e-01
6.984597444534301758e-02
2.648158743977546692e-02
1.048052236437797546e-01
5.962688103318214417e-02
-1.045699864625930786e-01
7.416678965091705322e-02
-1.184141915291547775e-02
-6.032573431730270386e-02
1.193555593490600586e-01
3.126580035313963890e-03
