9.691706299781799316e-02
2.822321653366088867e-01
8.878477215766906738e-01
-1.682832837104797363e-01
-9.448136389255523682e-02
1.539415400475263596e-02
3.807274401187896729e-01
3.572517633438110352e-01
2.827046513557434082e-01
9.319489598274230957e-01
-1.269547492265701294e-01
4.491592347621917725e-01
4.924623668193817139e-01
1.794695258140563965e-01
2.664662599563598633e-01
3.876791894435882568e-01
-1.094550173729658127e-02
4.954229891300201416e-01
3.579611778259277344e-01
1.997106671333312988e-01
