-6.820972561836242676e-01
-6.070341467857360840e-01
2.304176390171051025e-01
1.077972203493118286e-01
-5.442243814468383789e-02
2.021376788616180420e-01
-7.912822365760803223e-01
-2.610867321491241455e-01
6.423911452293395996e-01
6.873534321784973145e-01
9.821498990058898926e-01
5.451746657490730286e-02
6.176435947418212891e-01
-1.417713984847068787e-02
-8.143195509910583496e-01
-9.243741035461425781e-01
-8.250077366828918457e-01
-3.334850072860717773e-03
-4.485673308372497559e-01
3.166614472866058350e-01
6.321644186973571777e-01
-3.246643841266632080e-01
9.732650965452194214e-02
-1.588477939367294312e-02
-6.846503913402557373e-02
4.896595701575279236e-02
7.748888134956359863e-01
7.158570885658264160e-01
2.426376193761825562e-01
-2.683319449424743652e-01
1.748919859528541565e-02
-8.864563107490539551e-01
3.036724925041198730e-01
7.685867547988891602e-01
-5.389186143875122070e-01
3.517378568649291992e-01
-3.819520175457000732e-01
6.565611362457275391e-01
8.308183550834655762e-01
2.948312088847160339e-02
