-1.411997079849243164e-01
7.903297990560531616e-02
-1.648210734128952026e-02
1.568142026662826538e-01
1.794058382511138916e-01
5.931655690073966980e-02
4.862613230943679810e-02
3.266153484582901001e-02
-1.600377261638641357e-01
1.303564012050628662e-01
7.704579830169677734e-02
3.497916972264647484e-03
-6.262361258268356323e-02
-1.722653862088918686e-03
-2.164053544402122498e-02
1.395988464355468750e-01
5.498147103935480118e-03
7.573189586400985718e-02
-2.357836812734603882e-01
1.566840559244155884e-01
