-2.047671824693679810e-01
-2.186132036149501801e-02
-5.016152560710906982e-02
1.306195557117462158e-02
1.088869012892246246e-02
-8.348184823989868164e-02
-2.031743824481964111e-01
-1.030900478363037109e-01
1.335282772779464722e-01
-1.308884173631668091e-01
1.699470132589340210e-01
3.540816530585289001e-02
-9.302799403667449951e-02
1.600818485021591187e-01
4.355385154485702515e-02
6.949470192193984985e-02
-1.569422483444213867e-01
1.349405199289321899e-01
6.941547617316246033e-03
-5.188149958848953247e-02
-1.181405335664749146e-01
6.863442808389663696e-02
-5.944117531180381775e-02
1.057348847389221191e-01
-1.120551377534866333e-01
9.232464432716369629e-02
1.001513078808784485e-01
-4.111117497086524963e-02
-7.100994884967803955e-02
-7.627405971288681030e-02
5.642272531986236572e-02
1.283075660467147827e-01
-1.235344335436820984e-01
7.897074520587921143e-02
2.481133043766021729e-01
-3.724499419331550598e-02
1.301118731498718262e-01
1.220695376396179199e-01
1.722444146871566772e-01
2.137236893177032471e-01
