5.098866820335388184e-01
1.071356654167175293e+00
1.890933662652969360e-01
5.660067498683929443e-02
-5.112933516502380371e-01
-4.492721557617187500e-01
1.462207734584808350e-01
-4.983718097209930420e-01
2.164347171783447266e-01
-4.625843465328216553e-01
5.086646080017089844e-01
-3.789568245410919189e-01
3.281128108501434326e-01
4.508636593818664551e-01
-4.760797023773193359e-01
-2.571578621864318848e-01
4.031320512294769287e-01
8.929974436759948730e-01
-4.663190841674804688e-01
5.257779359817504883e-01
