-3.093625307083129883e-01
1.289740443229675293e+00
3.377142250537872314e-01
-3.792183697223663330e-01
-1.118088603019714355e+00
-3.534359633922576904e-01
8.821201920509338379e-01
7.149812579154968262e-02
-9.137353897094726562e-01
1.596042066812515259e-01
-6.093392968177795410e-01
8.334826678037643433e-02
-1.575269550085067749e-01
6.645051389932632446e-02
1.112843036651611328e+00
-1.274963468313217163e-01
6.342657655477523804e-02
1.349187493324279785e+00
-5.083817243576049805e-01
-1.226349771022796631e-01
-2.840938270092010498e-01
7.969027757644653320e-01
-1.095940947532653809e+00
3.186326622962951660e-01
-4.579573124647140503e-02
1.094133734703063965e+00
-3.129970133304595947e-01
-1.265130519866943359e+00
-1.007443526759743690e-03
2.622739374637603760e-01
6.056942939758300781e-01
3.143995106220245361e-01
-4.208695590496063232e-01
1.288838684558868408e-01
8.530398607254028320e-01
6.465518474578857422e-02
-1.331963896751403809e+00
-1.216907352209091187e-01
-6.482216715812683105e-01
1.326563835144042969e+00
