-4.923620074987411499e-02
3.006927855312824249e-02
-9.433542191982269287e-02
1.336469352245330811e-01
-9.799284487962722778e-02
-6.512837111949920654e-02
9.442659467458724976e-02
4.911566153168678284e-02
-6.622580345720052719e-03
-2.866691909730434418e-02
4.565772600471973419e-03
-1.203998327255249023e-01
-1.941952854394912720e-02
3.436749428510665894e-02
1.094127073884010315e-01
-6.564885377883911133e-02
-2.152346223592758179e-01
-5.272786598652601242e-03
-8.297150582075119019e-02
-1.479100137948989868e-01
