1.235664784908294678e-01
1.115810871124267578e-01
5.421697720885276794e-02
1.547074466943740845e-01
8.409542590379714966e-02
1.744349151849746704e-01
-5.202642828226089478e-02
5.788832530379295349e-02
7.069281488656997681e-02
7.857861369848251343e-02
-1.086309552192687988e-03
-3.960017859935760498e-02
3.918517380952835083e-02
-8.457157015800476074e-02
-2.205999195575714111e-01
1.781816333532333374e-01
-5.250360444188117981e-02
-6.404423713684082031e-02
-2.177003175020217896e-01
-1.528775840997695923e-01
