-4.243045672774314880e-02
1.103772819042205811e-01
1.116394847631454468e-01
-9.419053047895431519e-02
-1.631169021129608154e-01
1.609467528760433197e-02
7.431114464998245239e-02
1.504946798086166382e-01
6.135175749659538269e-02
-3.949295263737440109e-03
1.661690771579742432e-01
4.967148602008819580e-02
-9.169495850801467896e-02
-3.483115136623382568e-02
-7.718361169099807739e-02
1.243391633033752441e-01
1.202430129051208496e-01
-4.480204079300165176e-03
-1.832599937915802002e-01
7.766283303499221802e-02
1.716790050268173218e-01
-8.039416745305061340e-03
9.749913960695266724e-02
-1.875293850898742676e-01
-7.166410237550735474e-02
-2.854504622519016266e-02
-2.704009972512722015e-02
-4.395920410752296448e-02
-9.018089622259140015e-02
7.590656727552413940e-02
-9.477938711643218994e-02
-2.552668564021587372e-02
-6.081466004252433777e-02
-1.363690346479415894e-01
1.038758903741836548e-01
-1.210236027836799622e-01
-1.516052149236202240e-02
-5.960148572921752930e-02
-1.277327686548233032e-01
-3.559407591819763184e-02
