3.899110853672027588e-02
1.240997575223445892e-02
2.071223706007003784e-01
-1.890415549278259277e-01
8.660272508859634399e-02
-1.285527944564819336e-01
1.148755699396133423e-01
-3.035668469965457916e-02
7.299202680587768555e-02
-5.702487379312515259e-02
-1.481526643037796021e-01
4.025489836931228638e-02
-7.406824082136154175e-02
5.189038813114166260e-02
3.582379966974258423e-02
-5.721124261617660522e-02
-3.360155224800109863e-02
-1.463834345340728760e-01
-1.037596166133880615e-01
1.244188249111175537e-01
