1.850582361221313477e-01
2.055798619985580444e-01
-1.442659646272659302e-01
2.520914934575557709e-02
7.986998558044433594e-02
-9.638822078704833984e-02
-1.457309424877166748e-01
1.243709847331047058e-01
-4.639916494488716125e-02
-3.856615349650382996e-02
-5.998887494206428528e-02
-2.034078352153301239e-02
2.379973083734512329e-01
7.931667566299438477e-02
-1.299909651279449463e-01
1.124156545847654343e-02
1.204589903354644775e-01
-1.138628199696540833e-01
4.468205198645591736e-02
1.188757047057151794e-01
9.607636183500289917e-02
-5.597484856843948364e-02
-3.163161501288414001e-02
-3.276085853576660156e-02
3.012779541313648224e-02
6.152207031846046448e-02
-7.354155927896499634e-02
-4.006959032267332077e-03
-6.833427399396896362e-02
-1.858584582805633545e-01
-7.611723244190216064e-02
-7.591753453016281128e-02
5.402536317706108093e-02
1.425613313913345337e-01
2.012763470411300659e-01
1.084750592708587646e-01
1.751572638750076294e-01
-6.595463305711746216e-02
-7.206539064645767212e-02
-2.283129841089248657e-02
