1.838516294956207275e-01
2.256042212247848511e-01
2.520512938499450684e-01
1.015876770019531250e+00
2.345160394906997681e-01
3.637665808200836182e-01
-3.866746723651885986e-01
-6.065837740898132324e-01
3.789997696876525879e-01
3.431502282619476318e-01
1.361654251813888550e-01
-3.464513123035430908e-01
-8.255185931921005249e-02
1.369793862104415894e-01
2.350885570049285889e-01
5.276160687208175659e-02
2.111506164073944092e-01
3.135711252689361572e-01
4.803699254989624023e-01
4.583447277545928955e-01
