-5.224793553352355957e-01
1.092235803604125977e+00
1.764915324747562408e-02
-1.288796812295913696e-01
-1.175002574920654297e+00
1.086323976516723633e+00
-1.142429709434509277e+00
-5.654101967811584473e-01
-9.615849256515502930e-01
3.088045120239257812e-01
1.078523039817810059e+00
-5.666801929473876953e-01
4.397238790988922119e-01
6.629279255867004395e-01
1.762670278549194336e-01
1.063378214836120605e+00
2.777320742607116699e-01
-1.239961385726928711e-01
-6.084644794464111328e-01
1.249088287353515625e+00
-1.216132007539272308e-02
2.520836293697357178e-01
-1.194361686706542969e+00
3.128119707107543945e-01
8.745186962187290192e-03
5.371404886245727539e-01
-5.513140559196472168e-01
1.873189806938171387e-01
-2.644920051097869873e-01
2.059397548437118530e-01
1.204895377159118652e+00
-4.450152218341827393e-01
2.537605464458465576e-01
9.141335263848304749e-03
-1.115438103675842285e+00
3.508878052234649658e-01
-2.337864413857460022e-02
-6.429081559181213379e-01
1.026483654975891113e+00
-3.630202710628509521e-01
