-2.317464910447597504e-02
6.241831555962562561e-02
-1.372707784175872803e-01
1.977369636297225952e-01
-8.083496242761611938e-02
-8.159764856100082397e-02
1.087881028652191162e-01
1.096747368574142456e-01
-4.056874290108680725e-02
2.651277184486389160e-02
-6.454952806234359741e-02
-1.388940513134002686e-01
-1.181776355952024460e-02
1.916322708129882812e-01
1.205624043941497803e-01
-7.626838237047195435e-02
-2.701688706874847412e-01
-3.042308799922466278e-02
-9.187556803226470947e-02
-1.865577995777130127e-01
