5.970061570405960083e-02
6.105959415435791016e-01
2.238373458385467529e-01
5.261548757553100586e-01
3.478087186813354492e-01
7.255952954292297363e-01
-3.034020774066448212e-02
3.142360448837280273e-01
3.063671886920928955e-01
9.676484018564224243e-02
1.878451555967330933e-01
-1.478668004274368286e-01
-5.911293625831604004e-02
-2.052030265331268311e-01
-4.627697765827178955e-01
9.046891331672668457e-01
6.607734560966491699e-01
-3.308477699756622314e-01
-5.876511335372924805e-01
-2.314219027757644653e-01
