-4.387655556201934814e-01
-5.218408703804016113e-01
-1.721789389848709106e-01
-3.474936187267303467e-01
-3.930409252643585205e-02
-9.778552502393722534e-02
4.617791473865509033e-01
9.389954805374145508e-01
4.139690697193145752e-01
-3.440062403678894043e-01
-4.527297019958496094e-01
-3.597541749477386475e-01
-3.316918611526489258e-01
-3.573931753635406494e-01
3.325600028038024902e-01
3.019282519817352295e-01
4.682669937610626221e-01
2.544315159320831299e-01
3.001607656478881836e-01
-2.498976886272430420e-01
