1.276933103799819946e-01
8.989644646644592285e-01
1.237760335206985474e-01
2.959430515766143799e-01
1.070515990257263184e+00
3.069677650928497314e-01
8.384265303611755371e-01
-5.669891461730003357e-02
7.448698878288269043e-01
-8.704511821269989014e-02
1.765686422586441040e-01
-2.793603539466857910e-01
-5.364307761192321777e-01
8.989985585212707520e-01
7.584521174430847168e-02
-1.863594911992549896e-02
-2.493645846843719482e-01
-1.005947828292846680e+00
-1.135725736618041992e+00
7.664942145347595215e-01
-1.084545850753784180e+00
1.031987547874450684e+00
-5.555483698844909668e-01
-9.798465371131896973e-01
-5.155906081199645996e-01
8.768247067928314209e-02
-6.084793210029602051e-01
-1.005013942718505859e+00
-3.895017802715301514e-01
-8.928046822547912598e-01
2.401914149522781372e-01
5.806051939725875854e-02
-8.131282776594161987e-02
-1.087994813919067383e+00
-5.677020922303199768e-02
-2.657193243503570557e-01
-8.157175779342651367e-02
-9.768537878990173340e-01
-1.116050124168395996e+00
-8.286081999540328979e-02
