1.179871708154678345e-01
1.075984463095664978e-01
-1.695017665624618530e-01
-1.520284414291381836e-01
1.509026810526847839e-02
-1.616754680871963501e-01
-1.720771342515945435e-01
-2.010208219289779663e-01
1.401049643754959106e-01
2.129490226507186890e-01
-5.264296755194664001e-02
-9.733248502016067505e-02
1.130649447441101074e-01
-1.479326486587524414e-01
9.059394150972366333e-02
5.295743793249130249e-02
-9.873308986425399780e-02
-4.820300638675689697e-02
-1.673332005739212036e-01
5.942443967796862125e-04
