6.843832880258560181e-02
-8.364927023649215698e-02
1.690346002578735352e-01
-4.103044047951698303e-02
5.696635693311691284e-02
-2.437597513198852539e-01
-8.994007855653762817e-02
1.046752743422985077e-02
1.084146425127983093e-01
1.056956872344017029e-01
-8.849269151687622070e-02
-1.115319207310676575e-01
-2.128555439412593842e-02
1.040394827723503113e-01
8.175378292798995972e-02
-1.438269168138504028e-01
-2.186582237482070923e-02
5.071754008531570435e-02
-2.163201421499252319e-01
1.586380898952484131e-01
1.726814657449722290e-01
1.743148453533649445e-02
-2.208032160997390747e-01
-1.130506172776222229e-01
-9.894048422574996948e-02
1.362684071063995361e-01
5.939416214823722839e-02
3.472572192549705505e-02
-1.533978134393692017e-01
1.401913464069366455e-01
-1.043563261628150940e-01
-2.281541079282760620e-01
2.653222680091857910e-01
8.012721687555313110e-02
1.116458442993462086e-03
2.603823668323457241e-04
7.692528516054153442e-02
3.503823280334472656e-02
1.552042514085769653e-01
8.462586998939514160e-02
