7.734804153442382812e-01
1.286192834377288818e-01
-1.747904866933822632e-01
-1.748978346586227417e-01
-1.176650300621986389e-01
4.867124855518341064e-01
1.447157114744186401e-01
-2.007506340742111206e-01
-9.378109127283096313e-02
1.895874924957752228e-02
2.716018855571746826e-01
3.745626807212829590e-01
-5.141508579254150391e-01
-2.950723171234130859e-01
-1.522576361894607544e-01
-5.399317145347595215e-01
-4.645325541496276855e-01
2.529824078083038330e-01
-5.059736371040344238e-01
-2.697054147720336914e-01
