-4.870126843452453613e-01
-1.548607796430587769e-01
-2.374397031962871552e-02
1.519257277250289917e-01
-6.178759336471557617e-01
2.173758484423160553e-02
5.137920975685119629e-01
-1.154766678810119629e+00
1.004340648651123047e+00
-5.345246195793151855e-01
-8.100802898406982422e-01
-9.203662872314453125e-01
3.579341173171997070e-01
3.259717226028442383e-01
-5.580698251724243164e-01
-5.068724155426025391e-01
4.150629043579101562e-01
2.951286435127258301e-01
3.782039582729339600e-01
5.470557808876037598e-01
-6.775066256523132324e-01
3.503789426758885384e-03
-2.297341674566268921e-01
-9.156532883644104004e-01
6.025706231594085693e-02
-8.550350666046142578e-01
2.123005539178848267e-01
3.172345757484436035e-01
-5.268310308456420898e-01
8.318189382553100586e-01
5.988338589668273926e-01
-4.223372340202331543e-01
-2.098915725946426392e-01
-7.080450057983398438e-01
-2.794090099632740021e-02
-8.043577671051025391e-01
-6.342808902263641357e-02
9.639654755592346191e-01
-3.211393058300018311e-01
-5.609928965568542480e-01
