3.644340336322784424e-01
-4.561794698238372803e-01
9.714120626449584961e-02
1.438416633754968643e-02
-5.290895700454711914e-01
8.721125125885009766e-01
3.032542169094085693e-01
1.282732009887695312e+00
9.517383761703968048e-03
1.496111750602722168e-01
-5.659495592117309570e-01
-9.121183305978775024e-02
-8.508633822202682495e-02
3.876478970050811768e-01
-4.773046970367431641e-01
1.394550204277038574e-01
4.138775467872619629e-01
4.739525020122528076e-01
1.398957967758178711e+00
-5.329985618591308594e-01
