-7.472611218690872192e-02
-1.083612561225891113e+00
-2.403261810541152954e-01
2.880776524543762207e-01
-3.576337099075317383e-01
1.705182194709777832e-01
6.707606911659240723e-01
4.449681937694549561e-01
-5.222414731979370117e-01
-1.201094537973403931e-01
1.015323042869567871e+00
-2.208084613084793091e-01
-9.325634837150573730e-01
9.033176898956298828e-01
-9.721477031707763672e-01
-8.590084314346313477e-01
6.840378642082214355e-01
-2.031922042369842529e-01
1.191302165389060974e-01
2.651880085468292236e-01
6.970340609550476074e-01
1.017181277275085449e+00
8.101217448711395264e-03
9.283903241157531738e-02
-8.972520828247070312e-01
-4.000728726387023926e-01
-1.584809869527816772e-01
2.520175278186798096e-01
-1.014201760292053223e+00
-3.045912384986877441e-01
-1.113361120223999023e+00
-2.685396932065486908e-02
2.428140789270401001e-01
1.025326251983642578e+00
8.832547068595886230e-01
1.043541073799133301e+00
-3.218006789684295654e-01
9.320964813232421875e-01
-1.426971554756164551e-01
4.503092914819717407e-02
