-7.952133566141128540e-02
-1.504644453525543213e-01
3.705199807882308960e-02
7.692649960517883301e-02
-3.492853371426463127e-03
-1.259269416332244873e-01
3.713140636682510376e-02
1.064631342887878418e-02
-1.655862927436828613e-01
-7.904168963432312012e-02
1.192634478211402893e-01
4.451676830649375916e-02
5.940951779484748840e-02
3.037209063768386841e-02
-3.346443548798561096e-02
-7.336079329252243042e-02
2.209214679896831512e-02
3.168510273098945618e-02
5.266522243618965149e-02
-6.023739650845527649e-02
