1.030575931072235107e-01
9.011503309011459351e-02
4.204789921641349792e-02
-1.144968532025814056e-02
-3.054178133606910706e-02
3.028752468526363373e-02
7.475939393043518066e-02
-2.211733517469838262e-04
9.998865425586700439e-03
-1.071420311927795410e-01
2.761512994766235352e-02
-5.643515661358833313e-02
7.350819557905197144e-02
-3.494349494576454163e-02
-4.796502739191055298e-02
-2.073574624955654144e-02
1.271229088306427002e-01
-6.854334473609924316e-02
-5.752405524253845215e-02
2.021887048613280058e-04
-7.221664488315582275e-02
1.019119322299957275e-01
2.319268696010112762e-02
-2.161951921880245209e-02
-1.050080135464668274e-01
1.906602531671524048e-01
3.698371723294258118e-02
1.040727570652961731e-01
1.415289640426635742e-01
-4.287186637520790100e-02
-1.161728054285049438e-01
-2.740210853517055511e-02
-8.772854506969451904e-02
-1.843747310340404510e-02
1.411775778979063034e-02
-9.607800841331481934e-02
1.777130514383316040e-01
-4.130047559738159180e-02
1.353244781494140625e-01
2.810893021523952484e-02
