-5.201452597975730896e-02
-1.583437621593475342e-01
3.258106112480163574e-02
-1.381452828645706177e-01
4.657879471778869629e-02
1.448549330234527588e-01
-8.635703474283218384e-03
2.513108961284160614e-02
9.366288781166076660e-02
2.474294602870941162e-02
1.236088722944259644e-01
-9.701456129550933838e-02
1.849597506225109100e-02
-9.342524409294128418e-02
1.172800287604331970e-01
1.074007377028465271e-01
-9.198909252882003784e-02
-7.718645781278610229e-02
5.464038695208728313e-04
1.166931316256523132e-01
