5.069541931152343750e-02
-8.532529324293136597e-02
-3.971692919731140137e-02
7.867306470870971680e-02
-1.457783281803131104e-01
-8.325780928134918213e-02
-1.273770723491907120e-02
1.619021892547607422e-01
-3.144020587205886841e-02
9.242390841245651245e-02
-1.061106249690055847e-01
-1.199881285429000854e-01
1.793417893350124359e-02
-3.381369635462760925e-02
-1.389447003602981567e-01
-1.635523587465286255e-01
9.560611844062805176e-02
-3.537198528647422791e-02
-3.259091451764106750e-02
-2.485821954905986786e-02
5.566638708114624023e-02
-1.204304024577140808e-01
-8.057754486799240112e-02
-2.847551181912422180e-02
1.701613962650299072e-01
1.577413678169250488e-01
1.681902445852756500e-02
-4.155234619975090027e-02
-5.984415113925933838e-02
4.258746653795242310e-02
-1.135183945298194885e-01
1.317171752452850342e-01
-2.506638690829277039e-02
-7.262298464775085449e-02
-1.376197189092636108e-01
3.900325670838356018e-02
8.414725959300994873e-02
-1.068488657474517822e-01
-9.688653051853179932e-02
4.361230880022048950e-02
