2.757735848426818848e-01
7.173480391502380371e-01
1.631242781877517700e-01
-2.633594274520874023e-01
-5.094108581542968750e-01
5.574362874031066895e-01
3.721585571765899658e-01
7.023489475250244141e-01
7.543769478797912598e-02
5.665176361799240112e-02
7.329961657524108887e-01
3.603798747062683105e-01
-2.537026107311248779e-01
-8.440242409706115723e-01
-6.081027388572692871e-01
6.243460774421691895e-01
1.224207058548927307e-01
3.305005133152008057e-01
-4.873286187648773193e-01
1.647953391075134277e-01
7.021553516387939453e-01
-4.687673877924680710e-03
2.883268892765045166e-01
-9.077253341674804688e-01
-9.411139786243438721e-02
-1.494391411542892456e-01
-8.397568017244338989e-02
-6.182464957237243652e-01
-7.001374959945678711e-01
1.244783625006675720e-01
-7.488485574722290039e-01
-5.620077624917030334e-02
-1.060189455747604370e-01
-2.045556753873825073e-01
3.747056722640991211e-01
-3.830375075340270996e-01
1.783160716295242310e-01
-1.449002325534820557e-01
-7.322916984558105469e-01
-4.953271448612213135e-01
