-8.215103298425674438e-02
1.034783124923706055e-01
-5.151646956801414490e-02
8.006209880113601685e-02
4.188564419746398926e-02
7.364847511053085327e-02
-1.352309733629226685e-01
-3.589087724685668945e-02
-1.632124185562133789e-01
4.664319008588790894e-02
1.303509622812271118e-01
4.728311672806739807e-02
-7.927048206329345703e-02
2.521350048482418060e-02
-5.256401374936103821e-02
-3.321661800146102905e-02
-1.142105981707572937e-01
-3.204884380102157593e-02
-1.653880812227725983e-02
8.996044844388961792e-02
