-1.084073930978775024e-01
3.597811236977577209e-02
-1.299306303262710571e-01
-1.912797689437866211e-01
6.442476995289325714e-03
-2.290589176118373871e-02
1.453043241053819656e-02
5.059013888239860535e-02
1.282773017883300781e-01
-8.506104350090026855e-02
5.684792622923851013e-02
2.944541722536087036e-02
-1.186755821108818054e-01
9.830375760793685913e-02
-8.281451463699340820e-02
7.608628273010253906e-02
4.056400060653686523e-02
-8.309367299079895020e-02
-8.925598859786987305e-02
-5.554650910198688507e-03
-5.490613356232643127e-02
-5.436466634273529053e-02
-7.446110248565673828e-02
2.251551114022731781e-02
1.734710484743118286e-01
-1.719941198825836182e-01
-1.027566790580749512e-01
2.439513988792896271e-02
-6.340002268552780151e-02
-1.321306228637695312e-01
-1.149753779172897339e-01
-1.128309443593025208e-01
-1.075247675180435181e-01
1.234341710805892944e-01
4.280392453074455261e-02
-7.449815422296524048e-02
1.653384119272232056e-01
-1.360007673501968384e-01
-8.767183870077133179e-02
-1.175549998879432678e-01
