-6.636737581645138562e+01,-4.294825007404870121e+01,5.204631330334814265e+01
2.474948547253006836e+01,2.458469734578102361e+00,-2.002734188396880199e+01
3.310947238205408212e+02,4.746273548520548502e+00,-2.695188634255682700e+02
-1.050830930940719554e+00,3.028854821721324697e+00,1.862423268466955051e+00
2.147227573557756841e+00,4.362531417486025020e+00,-1.914417520529241301e+00
1.806781139108352363e+00,-6.018332272651605308e-02,-1.451506456272909418e+00
7.567080002409056760e-01,-2.765465630800463259e-01,-6.583228386007249355e-01
7.332629086449742317e-01,1.552382395486347377e+00,-6.395088714052690193e-01
5.393464950611814857e-01,1.128199754050001502e+00,-4.503213079151464626e-01
9.197090089030098170e+00,-2.669226629394688644e+01,-1.623240257258294150e+01
-1.398822482133982703e+01,4.118431483954191208e+01,2.557088073168415576e+01
-3.762245284927485045e+01,-7.535347825002099853e+01,3.335237593878264306e+01
-8.991773951798677444e+00,2.995783327365643345e+00,7.478810061293188483e+00
-1.609017551145370817e-01,5.222127857850864530e-01,3.525007273710798472e-01
-2.181134667065634858e+00,1.638799157808534801e-01,1.794102041283622384e+00
-7.293703578179702163e-01,-1.783406178525183350e+00,6.908910943602677435e-01
-4.101423086267459439e-01,4.101396724581718445e-01,4.719657281530089676e-01
7.791377225221367553e-01,-2.340491754002869129e-01,-6.855844921665266156e-01
-3.586089473000611179e+02,3.753364652015443426e+01,2.898566645100363530e+02
1.760162992127902726e+01,9.314174024689236830e-01,-1.427364894005660290e+01
-2.396436501294374466e-02,-6.607919209636747837e-02,5.697979874094016850e-02
4.315683597611496225e+00,-1.248500848037656397e+01,-7.625631550559774041e+00
-4.161678311826835852e+01,3.396748446932178922e+00,3.370698545727645978e+01
7.164495201504905708e-01,-2.757473014644347131e-01,-6.198590620188042521e-01
7.897057095950003713e+00,4.218023575900588185e+00,-6.221246844346751459e+00
-1.081786777358502150e+00,-9.384630515705794096e-02,8.816589470370672643e-01
1.964438963374996092e+02,-2.615787324801203795e+01,-1.585191975011257455e+02
5.554496880952501670e+01,1.543882074891007505e+01,-4.450999596879410092e+01
-2.043380606221035123e+00,-2.575910416780970991e-01,1.671491079410770908e+00
-7.098604092461755499e+00,-8.832689132395898923e-02,5.790712715912377462e+00
1.097380899529453018e+02,-1.032518766295834212e+01,-8.873935919810901396e+01
3.203020229593676049e+02,1.206865509448107332e+00,-2.609000084132349002e+02
-9.114323559601325542e+01,2.952051260978623759e+01,7.275982589018531144e+01
-5.182824080355931073e+01,-3.132639183313585818e+00,4.211220474520814605e+01
-1.256051376178220380e+00,3.605632227729074657e+00,2.268602244555950165e+00
1.971936026992916595e+02,2.546201933015254326e+00,-1.604665884347050451e+02
-5.018992154872103129e+01,-7.106926950751949335e+01,4.427206223225221038e+01
3.811155412695370615e-01,8.532522708410397172e-01,-3.225931959932495374e-01
3.567266125460446347e+01,-1.041476245713420212e+02,-6.383864317907136865e+01
-3.708651417982764542e-01,9.299959868076257408e-02,3.249049680853204336e-01
1.226535824462189339e+00,-3.425971042597666383e+00,-2.146632252959534526e+00
-4.682730914473067969e+02,-1.305231503877876094e+02,3.740830818620306673e+02
1.804055885513662361e+02,4.807213465236418415e+01,-1.446835255455225706e+02
3.289887999344500713e-01,-9.838505120569607243e-01,-6.194192882394418120e-01
-2.524642158707778435e+03,2.839351548677223036e+01,2.021310533415875398e+03
-8.957311084822867997e+01,1.995850733481347561e+00,7.275996602152008563e+01
-4.782462993517401628e+01,1.084188357123639435e+01,3.840857939538545907e+01
5.251212754537846195e-01,-1.325924708798993379e+00,-8.576476716261822730e-01
2.447064688126847614e+02,-1.095721054210152943e+02,-1.936722245070268400e+02
7.137718510007834993e+01,-2.351599157776217908e+01,-5.694478706084191799e+01
-1.173728689266645233e+02,-2.365187966038793093e+02,1.049306295996593690e+02
2.265627022276094067e+03,-4.298782716725963837e+02,-1.812472379569953773e+03
-2.185686920267064124e+03,-2.227861432360514300e+02,1.767909085280145518e+03
-3.144976533731096424e-01,3.185218388389330357e-01,3.565542682481463999e-01
4.206481665838073241e+02,-3.053231225047784392e+01,-3.405960277936828788e+02
1.673752581846201792e+00,-7.638492050173226744e-01,-1.305983705329708755e+00
-1.654623158392496407e-01,-1.002007645438425243e-01,1.399976952307042666e-01
-8.291497327823890373e+00,2.232071867940248922e+00,6.653945540863787755e+00
4.025841477778158151e-01,-9.489510086859809235e-01,-2.619437129324069247e-01
-1.483027736539952457e+00,-3.050087229465134442e+00,1.336578439899312798e+00
-3.352172641898505390e-01,8.920559950638562441e-01,5.776768247596919537e-01
1.101313697316800244e+01,-2.249371253448771313e+00,-8.838799909863155335e+00
-9.960939361248165369e+00,-8.562689729878911749e-01,8.086084172351547750e+00
-3.277114797373360489e+01,-4.165953204254037701e+00,2.685884470614837483e+01
4.948651291168062016e+00,-2.144848790048854426e-01,-4.008455821516690776e+00
-1.476002854527905583e+00,-3.062629590858705342e+00,1.344366881661699153e+00
2.387046983438194729e+03,2.913068890879367245e+01,-1.909538976683397777e+03
4.117991383976652287e+03,-3.982595402126898989e+02,-3.293014122608583421e+03
-1.779408042391878553e+00,-1.526316261151805520e-02,1.475599095050711185e+00
2.008492967986967415e+00,6.189414474647492170e-02,-1.608926393699221080e+00
-3.172845007386058569e+00,-1.504547033953713253e+00,2.527160248228028649e+00
-2.230243967128568329e+03,9.781443270585441496e+01,1.786625479858543258e+03
2.767858714780886658e+02,-1.680964683581260033e+01,-2.242797779411775991e+02
-1.523641481020604260e+00,-1.340151141572277993e+00,1.327752316545229405e+00
-9.459902465096092783e-01,2.692862684605643153e+00,1.678492713544983417e+00
-5.633530120576324407e-01,2.501117359497584403e-01,5.622517865849658847e-01
9.940806272934423760e-01,-2.754827719880267978e+00,-1.710777819855138659e+00
-5.089276012949994765e+02,-1.684407014796306612e+01,4.149757966563920490e+02
-4.727567255395115353e-01,2.657429355895146728e-01,3.887522067525424063e-01
4.227817163933650590e+01,-1.699325969384517521e-01,-3.436087592924013734e+01
-4.175616260221315315e+03,-3.612063955567500670e+02,3.345728149967922946e+03
-1.407716837988482439e+01,4.104701643867883831e+01,2.512420282902894542e+01
6.532414602988865227e+00,1.129837994012632407e-01,-5.274273778159113135e+00
-9.101974616060033441e-01,-1.916839953686576337e+00,8.276511925359955058e-01
-1.586258451920002699e+00,-3.290448932384606451e+00,1.438436709446250461e+00
2.724389376338804141e+02,3.513695550501142861e+01,-2.202664599336712854e+02
-1.052486085682176054e+00,-9.539415506878867745e-02,8.578359825332881883e-01
-5.564632486061076634e+03,7.692156487477914197e+02,4.454926363572361879e+03
-8.002978464588522911e+00,-1.620649934420362115e+01,7.195881244959309697e+00
-1.218758253896201495e+03,9.228801479377216310e+01,9.867445665153209120e+02
-1.773248406121638254e+02,1.552011376883456251e+01,1.434911489195073955e+02
1.046497929830366047e+01,-3.043286431438173167e+01,-1.856369110700325109e+01
-6.178782542832777835e+01,3.337270775774413778e+01,5.196387297492037760e+01
-1.262094289640663192e+01,3.718896882375702262e+01,2.311894890095572919e+01
-4.417863551730988547e+00,1.290010572533356026e+01,7.958291506627574563e+00
-2.262450306443497539e-01,-1.014148202782962471e+00,2.452053679335222114e-01
1.047929411448421888e+00,-2.932275385130196810e+00,-1.838696209248155355e+00
-6.808727291328978026e+00,9.297925309583661146e-01,5.538260175293544307e+00
-1.024057994525588583e+03,1.071630898240691749e+02,8.436393872494809330e+02
3.889758176883333363e+00,6.880506656452780589e-01,-3.186450972105376422e+00
-3.822623534942977130e-01,1.616413712326902896e-01,3.477125853978577652e-01
-4.508195461692084791e+02,2.979969120524947357e+01,3.689470884763941285e+02
3.135337582291685976e+01,4.986897621631214861e+00,-2.529201273928629234e+01
-2.524241960456129164e+01,7.397785507515072823e+01,4.561535074166022241e+01
1.420717593420704361e+00,5.950036439026007429e-01,-1.172239034931408241e+00
2.916546464548446238e-01,1.534390663728117943e-01,-2.115716804073599633e-01
1.722358006649330491e+03,-2.002071258374053286e+02,-1.390253059962240513e+03
-1.967300075853017916e-01,3.315917669096961617e-01,2.741674438584595919e-01
-2.046020699432119727e+00,-2.568255070946179330e-01,1.673683871413231827e+00
3.227214145299512893e-01,1.059237142791971564e+00,-2.818713584856595844e-01
-5.899923214456066489e-01,9.627123337122611701e-02,4.987462774424784584e-01
-1.130367221049287764e+03,4.048015307805326302e+01,9.184277793146029580e+02
1.513854712189291604e+03,-2.768854900457008625e+02,-1.221513747444842011e+03
2.335255112426821142e+02,6.833821628133591730e+00,-1.899010814664507052e+02
-6.112610219224734465e-01,1.444217769720125943e+00,1.004952565766870975e+00
5.528649229818256572e-01,-4.206789081217721105e-01,-4.093956735450774431e-01
1.223962650236528134e+03,1.538774219233127951e+02,-9.892384125830576522e+02
-3.528580637226696126e+00,1.026327810843940824e+01,6.294467953382991254e+00
2.471064489346463233e+01,4.129438270174432546e+00,-1.990412995780934580e+01
1.093388097919581924e+03,8.589296469543478452e+01,-8.865552720190025866e+02
-2.554153695615241304e+00,7.417242258205078542e+00,4.595424662227742374e+00
1.130470422055805102e+01,2.576581693763728254e+00,-9.073696384948561899e+00
3.183926969988533529e+01,-9.283638053832692094e+01,-5.679438333082362078e+01
-8.062911895103752613e-02,-3.517229586141183972e-01,1.028522850756417029e-01
-4.288795163331087679e+00,-8.771425904764328152e+00,3.872315493179485202e+00
-8.605356630287133157e+00,-3.447551291726995260e+00,6.862131323694484308e+00
-4.486618876014836133e+01,-9.057977419160306454e+01,4.020835804904345423e+01
1.969545283995103091e+00,3.998124102858128026e+00,-1.756452354231441859e+00
8.498782699558651075e+02,-2.827123413345543668e+01,-6.977018331769795623e+02
-8.685623482482697000e+01,2.545625107270316221e+02,1.569551286257701577e+02
-7.563828584850998595e+02,-1.288995428928392357e+02,6.090893003216187935e+02
3.955602007770678028e+03,6.169205422872619238e+02,-3.153006029822223354e+03
1.022876132010424044e-01,-5.825878283940255642e-02,-6.341468665050342679e-02
7.520496263692621142e+00,1.517321275820722803e+01,-6.691029252629959956e+00
-6.315815053356345743e+00,-1.279843204517965205e+01,5.666811921772023197e+00
3.565861845272593200e-01,7.834225881961174309e-01,-2.993987873560399748e-01
-4.300581708259414881e+00,-8.798728630703408271e+00,3.888892726376070641e+00
2.334331023273989558e+00,-6.706396592431701720e+00,-4.148031895048916340e+00
-2.332585947733605281e+00,6.789427652140147984e+00,4.219423008733429015e+00
-1.573970452836510958e+01,2.181444468718837015e+00,1.272063679940765724e+01
-1.720308780231789569e-01,1.696726182999555022e-01,1.886669147643260658e-01
-1.709953747340478003e-01,-1.020269314059987664e+00,1.999587029895337764e-01
-3.839586842444841750e+02,1.345580126982604270e+02,3.061716793520608917e+02
2.070805633778363699e+02,5.475229709585073579e+01,-1.660427384189861186e+02
-6.209533043438568711e-01,-1.588968112948350608e+00,5.940395533616538160e-01
2.227142445626668632e-01,1.236479607431101613e+01,4.106407024519285187e-01
-1.956964257053914480e+01,4.184804714983329177e+00,1.574170744698494673e+01
-1.357481565108173527e+00,3.980207578977569938e+00,2.494212345220148563e+00
3.344673692559445044e+01,8.080300712099415250e+00,-2.755300116978469305e+01
-4.284863854127979721e+02,-7.130240285227137065e+01,3.455749356328547037e+02
5.863493826367630390e+00,-5.220476794056594372e-01,-4.739209401159314439e+00
-1.257596827315865085e+00,-9.751443789646145888e-01,1.023793353822838981e+00
-4.177631291616300587e+03,-3.795867184177404852e+02,3.358361581453456893e+03
-2.885820890252653044e+02,4.879338160238694400e+01,2.323763359658187255e+02
-4.377824513932355330e+02,-7.056308137050291407e+01,3.531864195405755709e+02
-3.220517284146626480e+01,5.120080574706662446e+00,2.597526426159311086e+01
-2.649628271326946560e+00,1.673881191090913489e+00,2.088463795138522983e+00
-1.133356000881394721e+03,1.355747074464088655e+02,9.141938969931507017e+02
-8.983490879072342068e+02,-1.084827226189663634e+02,7.261105894255015301e+02
2.323690474784234539e+01,2.154043896748044062e+01,-1.988046410982497036e+01
-5.549243294371990487e-01,2.788217330235056579e-01,5.485869113472290337e-01
-3.088924770894664107e+02,1.069959797779483779e+02,2.458585903017083183e+02
1.310008121242717607e+02,-2.183161806291172979e+01,-1.054968026826390997e+02
-1.215042129901121370e+00,1.694703451939858496e-01,1.102482295711524785e+00
-1.271256801469717175e+02,1.666914199927123263e+01,1.026193921518861316e+02
2.013651853590272367e+01,-9.752742427925113589e+00,-1.591187036759220064e+01
-3.132710882191531709e-01,7.720505991601385176e-01,5.462122649187222123e-01
1.152198459094797727e+02,4.630222730007517384e+01,-9.166350902733393013e+01
-1.263945935372030362e+02,1.561506015845225193e+01,1.020734413451864384e+02
-7.599355633799568750e+02,-1.286750690304543241e+02,6.119998158297821647e+02
2.907642715435358696e+02,-7.200508302481466671e+00,-2.372491101455452736e+02
2.298249340383335948e-01,7.575990335317328572e-02,-1.568666253515402786e-01
1.094777017948217690e+00,2.067138718906790018e+00,-8.902759312186390162e-01
7.532504169066669419e-01,1.497379325446672738e-01,-6.184858189662918448e-01
7.992383093715034192e+00,-2.365137559060531203e+01,-1.479736682964721695e+01
1.302269504807918565e+01,-3.805149078977410682e+01,-2.337917691876646131e+01
-1.080465378460212378e+01,1.358433578090625815e+00,8.754331409116275609e+00
-3.753274977584078442e+01,2.692272749496623874e+00,3.042160251131281257e+01
7.689643222893209895e-01,-1.549681160409818403e+00,-1.127760907635092735e+00
-1.516203209733521362e+01,-2.980598534841192304e+00,1.223965370710038769e+01
1.805232942769362126e+01,-5.277501717809354886e+01,-3.242428852745797485e+01
6.362912827171385288e-01,1.404903376474976540e+00,-5.527184985112398863e-01
7.305042713414877653e-02,-9.096538135781884193e-02,-3.281432994117494673e-02
-3.230948506869026460e+01,8.624701388762332499e-01,2.625992118602152914e+01
-7.544724117615260184e-01,8.870790060609579086e-02,6.241764456481178058e-01
-6.322739267922588624e+01,6.543564990221057087e+00,5.113507556938566267e+01
1.755360144586520619e+02,-5.143121731663559331e+02,-3.169503173796110786e+02
-1.183795399731025100e+00,2.379522967385128140e-02,9.745134705372038297e-01
3.874839424039237201e+00,-1.133429643278941512e+01,-6.994037593947723508e+00
1.155774387079873122e+01,4.408965546113904566e+00,-9.194168419642664958e+00
-5.343922485919320025e+02,-7.392450394214392873e+00,4.351249054170002637e+02
-1.527774274662078824e+00,2.857533455535303801e-01,1.270616359543055296e+00
2.041429211385548115e+00,4.155603417195379734e+00,-1.811503475168137811e+00
-4.172390534658916295e-01,4.464932443806901574e-02,3.458954834313772153e-01
-2.327510920846019872e+03,9.267217800630896818e+01,1.864548483023419976e+03
5.642753842985257506e-01,1.948099306900985539e-01,-4.657078178133815527e-01
1.739873635582625866e+01,3.910289679275592789e+00,-1.395661175408167765e+01
7.138138135604094714e+00,-2.080283337156288326e+01,-1.276661427097860724e+01
9.219803543473972240e-01,-4.835018409357871860e-02,-7.568074447335675359e-01
1.209223875484894961e-01,-3.431551624089479446e-01,-2.135302009410224855e-01
-4.822053665466955863e+01,1.080578899872489274e+01,3.873223848559428006e+01
-2.236979439403512515e+00,1.992184231348801404e-01,1.837741962168365717e+00
-1.334159022808307782e+01,9.442756912176264450e-02,1.087465382195659913e+01
6.034677280852338299e+01,1.002963689879034064e+02,-5.548846285347826779e+01
3.052199539667344652e+01,3.666589531261706725e+00,-2.497718791291117668e+01
3.275201143001206219e+03,3.444318113262233965e+02,-2.648910803496997687e+03
1.196987659938167781e+01,1.173998931772075593e+00,-9.670809059782186523e+00
-1.172423415681289043e+03,1.279702451836164983e+02,9.465298829506500624e+02
-1.020913867774652317e+00,-9.484203020620043389e-01,8.321534565475303680e-01
1.403895360014750622e+03,2.137175793753413018e+02,-1.130615044936479535e+03
-2.121855678889318369e+03,-1.788906820139454794e+02,1.689063617608859204e+03
3.732581743022819865e+00,-1.015501195441174787e+00,-3.063842803983732210e+00
-6.245713610551320016e-01,-1.301970867789350450e+00,5.833489345095586032e-01
1.737529259239090607e+01,-5.077324448863510042e+01,-3.117320314917014912e+01
-3.874931800692138495e-01,3.897432930534705520e-01,4.437449305260088295e-01
5.215006978426943533e+03,5.562642664879676886e+02,-4.203627388975248323e+03
-1.013894666303385748e+03,1.381808797240446438e+02,8.176336115227604751e+02
3.350283935142215341e+00,1.695756964691099711e-01,-2.691134046677689184e+00
7.105214063651335891e+03,8.764929501497681485e+02,-5.697846077146474272e+03
-2.885472634050529450e+00,-5.935640157782472670e+00,2.638148001424269751e+00
1.350075252044625813e+02,4.669760045275324956e+00,-1.099878625356359407e+02
6.551592660835012794e-01,1.311453061352949589e+00,-5.818228603748138994e-01
-9.330884305012295954e+02,-7.610322015711426502e+01,7.564745879605179653e+02
-9.752521905214525759e+02,1.480931415812447085e+02,7.845982850712025538e+02
-5.327798928122210782e+02,-6.320761067870989791e+00,4.338662378633998742e+02
-6.663518171582836658e+00,-1.355800777958938852e+01,6.024453029458527453e+00
7.576170963293407112e+00,1.529901291657006368e+01,-6.756295150611549616e+00
8.492735915824596304e-01,-2.472977804427500814e-02,-6.977199458051472902e-01
1.287812864975421689e+00,-3.278419550042599440e-03,-1.049144406802952290e+00
-8.873906392836943269e+00,1.160758403291401919e+01,7.785260998265584931e+00
1.983872840180993080e+00,4.027602015616139397e+00,-1.769256763269368093e+00
-3.098357774511387106e+02,6.935917867448006291e+01,2.561248584830391337e+02
-3.030298128578579053e-01,1.557867961819283664e-01,2.686794319888576865e-01
-6.142373762169881957e+00,5.360021943633910269e-01,5.011298256387817673e+00
-3.313327984249917790e+01,-2.966294635669328272e+00,2.686431442176399287e+01
-9.641732847885577939e+01,-1.532504801106733794e+01,7.784834070016404439e+01
6.028754701696743723e+01,-1.580608777760062367e+00,-4.892473588327993639e+01
1.115695977059658617e-01,4.712374211521819234e-02,-9.989223175216466188e-02
-1.399077140231383964e+00,-2.842203803273150697e+00,1.255337700487871189e+00
1.138825151138007641e-01,4.537716494523920119e-01,-8.790195870824391022e-02
-1.951688159966259263e+03,-1.708916669799218653e+02,1.582485367197514279e+03
1.214651297777891159e-01,3.988536233082413673e-01,-8.901749534561531618e-02
2.241747662410489284e-01,-6.782848638540599495e-01,-4.306586931634228677e-01
-3.802504373015835881e-02,1.373476913431659341e-01,5.456379863608162850e-02
3.437340059404959902e+00,1.959985289940959774e-01,-2.760672838101527304e+00
9.597128034144407138e+01,1.927852488550706767e+02,-8.542094248923240229e+01
1.496452492312528193e+00,-3.354700343916192651e-01,-1.212016611010767519e+00
4.557378327435799292e-01,-5.687200710526667535e-01,-5.494228218449279666e-01
2.942613115572603419e+02,1.830552158338759909e+02,-2.273975652050867211e+02
-7.298340087290853262e+00,-1.472220379521604627e+01,6.524406376789556816e+00
1.003726429300149903e+01,1.393518506985856220e+00,-8.074750061467057094e+00
-3.074023162287776358e+02,-3.458510718950492446e+01,2.487999649111516192e+02
-1.274692332900303882e+01,2.409564608402433805e+00,1.027249181724619120e+01
7.401127194170840085e-01,-2.039717911975458264e-01,-6.528390876483172178e-01
8.854650458923424594e+01,2.166232271418266464e+01,-7.301813543000025675e+01
-3.798071186811284861e-01,3.709963050205260515e-01,4.472641708562150598e-01
-1.147744060266995803e+01,-1.450715517418939271e+01,8.699307901103111362e+00
-1.590961625995987561e+00,2.526767193048726767e-01,1.325977651751600206e+00
-8.003943547062226571e+02,1.302214971195644466e+02,6.401646225444274023e+02
6.290880450455006212e+00,1.810480639120214619e+00,-5.002922180934547214e+00
8.321240408695302904e-01,4.159457341302186251e-02,-6.456800664345792029e-01
-3.406129107200540602e+03,-3.312377137680341548e+02,2.741485400328674586e+03
2.564314114767330466e+02,5.488110770459388732e+01,-2.062413793552332208e+02
-4.689679204668209422e+00,-8.757528766000177711e-01,3.803224584290546773e+00
3.670045860299433116e+02,4.117089743455289863e+01,-2.969907410259402241e+02
3.284004495943372604e+02,-3.907032939438067842e+01,-2.652069996821228415e+02
-3.566958097289898433e+00,1.037591109191998839e+01,6.364225689554587007e+00
2.096842044178629294e+00,-8.170881698606535792e-01,-1.648664656095206738e+00
1.218307638676167699e+03,1.734172649140818976e+02,-9.835713080032946891e+02
4.574199219961883500e+00,1.809886471106437966e+00,-3.627644820022396743e+00
-1.182034772418264765e+02,2.953629214388638502e+01,9.476415988686494529e+01
-5.013726633223996032e-01,2.717068188358098269e-01,4.938324633985757828e-01
-3.578436397438053973e-01,8.718662801547907293e-01,6.149576872121542692e-01
1.292693976084119640e+02,-1.770189949362975312e+01,-1.061300598336965777e+02
-6.357721637177746743e-01,1.803601088002324104e+00,1.123641619225963950e+00
-9.049497526139020920e-01,-1.973550805414561182e+00,8.501401994872139767e-01
5.396802369221113622e+02,5.028578405860753264e+01,-4.425540037399041466e+02
-2.644681413235957734e+00,2.777134678617585450e+00,2.043034138274379075e+00
1.173851871190709062e+01,-1.390834207733860239e+00,-9.472956077312119305e+00
-3.688912957591819577e+02,2.403317003617121372e+01,2.988644277717103250e+02
-3.087399692315375432e+01,9.526767862553242594e-02,2.516760824531957041e+01
1.035652444785227999e+00,7.445474760606884956e-02,-8.463773973053321242e-01
2.839091486715478823e+02,1.819448425938171567e+02,-2.190301120201038430e+02
-1.613418950548657449e+02,2.578548838357528439e+01,1.300172421065799426e+02
2.708830977109901141e+02,-5.828453435418487061e+01,-2.175369137576781213e+02
-5.736170752847101539e+01,-3.854542910994496197e-01,4.673063291548169218e+01
-1.808259580589947291e+00,-7.050462129263905808e-01,1.465209087261428067e+00
1.478396192761865677e+02,1.981741304523893632e+00,-1.202981493907282129e+02
6.078027504467172548e+00,-1.773562125989701599e+01,-1.090537500474601984e+01
5.656543443840928376e+01,-1.300529151587397791e+00,-4.612075672653736547e+01
-2.840619095839938382e+02,1.037444931162972352e+02,2.258283554995869054e+02
-1.008087897577715921e+02,-1.539471036080067279e+01,8.270923444465734065e+01
2.500878049049060792e+02,-5.853439923693076707e+01,-2.006153458237531595e+02
6.376949350771610625e+00,-1.212783907896664459e+00,-5.123784956609597430e+00
-9.596451780525967479e-01,-1.952915854722959921e+00,8.616878237808123231e-01
-7.478010339782485971e-01,1.755134153005201370e+00,1.207429170142859221e+00
4.602929389184282627e-01,-1.170272687537362799e+00,-7.570334596093744040e-01
5.634493841324001551e+00,1.131111640494782478e+01,-4.997666188952280208e+00
3.480327020129188895e+02,-1.073736657105473569e+01,-2.825195598968130071e+02
-1.362666081514908001e+01,2.547143575196969323e+00,1.123323732282733545e+01
3.657801538938656449e-01,-4.801944291102699935e-01,-2.428225691701300093e-01
3.955898399814032018e+00,4.092001656681532040e-01,-3.172026960892253555e+00
3.627804029620165238e-01,-7.320844715868588537e-01,-5.364820307586342096e-01
1.436074674792354926e+03,2.042219881283526774e+02,-1.157595261686976301e+03
-9.456940592743922025e+01,-4.725478244568512309e+01,7.488200349913677201e+01
9.956830370472744107e+00,2.013872154417913407e+01,-8.934772447362774983e+00
1.124720431091991486e+03,2.007906635824529076e+02,-9.058402327691655955e+02
4.249336530665459577e-01,-1.084520360949682072e+00,-7.012073970399796963e-01
-1.626794790539861424e+00,4.650379657337907702e+00,2.910987055511213839e+00
2.291359564251251868e-01,-2.871306900051422417e-01,-2.832486756378784776e-01
9.811436508989572758e+01,-6.626591497355548199e+00,-7.945840098868939094e+01
-4.726724430038302671e-01,2.657309891947079450e-01,3.886823491193354130e-01
4.370432153809815645e-01,-8.704070709645748138e-01,-6.092870493012014776e-01
2.195901928644161671e+00,4.469559878809377551e+00,-1.951482846328872256e+00
2.012858660776983015e+02,2.279411216354492353e+01,-1.648398455576098058e+02
1.989765765531410580e+01,4.414685625502897892e+00,-1.635878609324572608e+01
2.272740950825755135e+01,4.171536939615180017e+00,-1.864866325694310945e+01
-6.020246733797830530e+01,2.841019599036371801e+01,4.765161844747490250e+01
4.429498482713825069e+01,-1.162002481607487425e+00,-3.595528016006574035e+01
1.009426130389329046e+00,-1.539290131768211722e-02,-7.974010685029497836e-01
-1.586466920579550788e+01,-1.683257047552615404e+00,1.289492464274371741e+01
1.911731039795675315e+03,1.419194518180011073e+02,-1.534673671558004571e+03
4.250326349501847290e-01,-3.082996559096500278e-01,-4.045276381075382233e-01
-2.455090492458490189e+03,8.350231992215412902e+01,1.966700703674054239e+03
-4.828551522295310860e+02,-2.160603240354976151e+01,3.940202014045789838e+02
2.736086521472316235e-01,9.248649265209678560e-01,-2.365505338966613635e-01
-5.208448127339943312e+01,1.035947954215225764e+01,4.189544203225523233e+01
-3.547355202442617156e+03,-3.060419026507479430e+02,2.838091386530184536e+03
-1.157004142856749240e+01,2.396360526050557382e+00,9.314977404195815325e+00
-1.996454903297708370e+02,-7.921653929581225384e+00,1.623048275536712026e+02
-2.047282107487262692e-01,1.584790627239271998e-01,1.986536012846045196e-01
-6.535229540650907438e+02,3.009753261856094468e+02,4.954206162712653168e+02
8.626415976323187351e-03,5.513335927389562130e-02,1.587035601551178843e-02
1.463237900352396537e-01,-9.392982558347284794e-02,-1.100943093188107014e-01
9.914918212863267399e+01,-4.870690677846869221e+01,-7.833670959179289639e+01
6.922397291945526376e+01,9.949404563503776444e+01,-6.266441122023388743e+01
3.515294744609855115e+01,4.162238458578940481e+00,-2.841159109299769625e+01
-3.087461592989566270e+02,-3.181064469207558432e+01,2.500269837382147671e+02
4.973693064894177951e-01,-8.643310389015823603e-02,-4.409897733712568879e-01
9.807244998012902215e+01,3.160301583993714303e+00,-7.971411800390342250e+01
-3.632390466349315830e+02,1.624096614873269573e+01,2.946407246591988951e+02
-6.005477364524267614e-01,6.572216743370518088e-02,4.952430326484318357e-01
-1.495113720910376287e+02,-1.182599708008638117e+00,1.216510179022443481e+02
1.601453675976663362e+02,-8.397564632905414328e-01,-1.301742649783263914e+02
3.941448481054976583e-01,-4.720814767642877996e-01,-2.680276535429584328e-01
5.325030315152616822e-01,-6.709276416804641485e-01,-6.373271109769120812e-01
2.216733830090379342e+01,4.818142789765261114e+00,-1.781729622351849684e+01
1.034323470876552165e+01,2.070554153458215296e+01,-9.152013115875888616e+00
-5.342901861542486586e+00,-6.600534776516724378e-01,4.405137337511405349e+00
-7.730702475021826103e+01,2.938820359398960136e+00,6.312651503009692533e+01
3.149747215684328694e-01,-2.256891782744787633e-01,-2.879804940894246101e-01
-1.405041917314520106e+00,4.476238819188438356e-02,1.185900952550582588e+00
1.339283168911002576e+03,-2.656828707570311963e+02,-1.081500896900543012e+03
1.642440678461571224e+01,3.022825733445642982e+00,-1.322273532607505331e+01
1.693207765647821361e+01,-4.972701557236723602e+01,-3.076377185252204072e+01
4.360066894396368298e-01,-5.490244154352694750e-01,-4.976404723711311817e-01
-1.044610513883526437e+00,-1.310137194195704069e+00,8.032667235347616952e-01
1.034355050534941256e+00,3.966662130551412702e-03,-8.145074317508260719e-01
-4.447403183556161821e+01,1.108946271848981269e+01,3.567209819296840578e+01
-3.183542476623551920e+01,-3.137022019393043593e+00,2.579910018015652895e+01
-1.807867070761858486e+00,5.231218412169255316e+00,3.185141452413517982e+00
-1.982819598086643964e+01,-4.000896868016570807e+01,1.775004273245576769e+01
-4.813623487425502390e-01,1.372269852843601257e+00,8.370478912256658077e-01
-6.320104280081519391e+03,7.862092122374888277e+02,5.072751056489767507e+03
3.535028357491682982e-01,-7.143540600081905723e-01,-5.233015506528317928e-01
1.536997514427639544e+00,3.164259830664377660e+00,-1.366571667240350507e+00
-6.456562362145632505e-01,-1.638760753499809653e+00,6.163119800694403239e-01
4.600223557092249393e+00,3.281195645424304530e+00,-3.558225841799867339e+00
3.421938028239848791e+03,-3.493085996628142311e+02,-2.763162687011761591e+03
1.555478158084406459e+01,5.997762663587309362e-01,-1.262126667420984916e+01
-2.186894058040343225e+02,-2.785537691926583648e+01,1.768911462453761487e+02
-6.844311165332328528e+00,-3.368141766870394349e+00,5.749307254620362073e+00
3.646277677862381097e+02,1.949521088918481837e+01,-2.961144280355001683e+02
8.293527882869966561e-02,-1.150543487165123224e-01,-1.111916564987041056e-01
-9.637982915664906614e+01,3.765037497942103073e+00,7.821267709427047521e+01
6.881580527639598586e+02,1.413961847279206268e+02,-5.536690545808523893e+02
-1.731027989444555715e+00,-1.377300404739798978e+00,1.359055188295315020e+00
4.914080973915697541e+02,-1.160541776757672778e+02,-3.939616143631283194e+02
-3.079168298572767526e+01,-6.684160241478821263e+00,2.479157335718628019e+01
3.430545839032856748e+01,5.475780828744973405e+01,-3.063370802857389208e+01
2.995609722484005033e-01,-5.753292280423920602e-01,-3.980274314526468515e-01
3.605695061996812001e+00,1.378295097383670509e-01,-2.930928576621226966e+00
8.266137268459424376e+02,-7.223393444086468662e+01,-6.547659034840471577e+02
-2.276145584197365679e+00,2.286605823610443622e-01,1.868068967189174145e+00
-7.616877808301069308e+00,1.647456686419900507e+00,6.142134106310550123e+00
8.699921048537362367e-02,-1.924030499067157507e-01,-1.001204421045258641e-01
-4.122573616157751530e+00,1.214328294969163835e+01,7.556989938020706177e+00
1.613450040472816909e+02,-5.456647343903750880e+01,-1.286385102873900905e+02
-7.915072338617756031e+01,-1.640853941303248575e+01,6.373389906202282873e+01
6.618415862903930247e+00,-1.930140178557485342e+01,-1.185774114576634020e+01
-6.683452996639971389e-02,9.019312018062919378e-02,8.635272039100527763e-02
-9.390575887009617873e-01,2.570991580549161881e+00,1.657687745871953666e+00
-8.881060536194127053e+00,-5.199482910174992867e-01,7.222297360964148538e+00
-3.543165696391952224e+01,3.744940881144430023e+01,2.705376465339213610e+01
-1.396889993014396168e+03,-2.072121125933699659e+02,1.130722329403070034e+03
-2.183192611832055263e+00,1.650836714543402195e-01,1.795712982770055532e+00
1.709884726224117912e-01,-7.161785158095881343e-01,-6.337333267438225448e-01
8.500906392364413477e-01,-1.837791748039308004e-01,-6.462510007320361183e-01
-1.062831828654379933e+02,-1.403631841854803497e+01,8.709762746340129524e+01
-2.059666827930777799e+01,6.032421186554711312e+01,3.717625005639274605e+01
-1.175118108585593291e+00,1.129110226756893098e-01,1.074968407745473087e+00
-1.029732241955913423e+02,-2.092723865820425999e+02,9.313427104616675933e+01
-1.737898246229960932e+02,2.163129575810307870e+01,1.403325322487507947e+02
5.368661298387451097e+00,-6.178890807204879820e-01,-4.323896892950870097e+00
2.393982029947801493e+01,4.864897528925212100e+00,-1.925892145845864434e+01
3.097145804800675251e+01,-6.552511253597913310e+00,-2.485410520958248526e+01
-3.903331958218477666e+02,8.701101503716927255e+01,3.244642800568253733e+02
6.185577862197533250e-02,-2.245449993934016675e-01,4.841140029384405352e-03
-2.704219537517928984e-01,2.735057298268657178e-01,3.044890563469380140e-01
3.460712825180962682e+00,6.730984169116709381e-01,-2.755496381752891466e+00
8.021359122358262539e-02,1.456720001879148185e-01,-4.798427782952785492e-02
3.198777887132018805e+01,6.430735561321489513e+01,-2.849661699845455587e+01
-1.684176421695156023e+00,9.311163739999756217e+00,9.542249240912497044e-01
-8.161041731955483556e+02,-1.238444178845747956e+02,6.580953062256012345e+02
-1.182291388802696019e+00,3.405226170725654811e+00,2.059694300580304116e+00
-7.822356310643954203e-01,2.379617345286533237e-01,6.976000780705362558e-01
-1.885990629704319872e+02,1.258484284433143330e+01,1.542727527186470979e+02
-6.040162700810469687e-02,1.997317574569024146e-02,9.554838994154124521e-02
-9.389482741244137287e-01,-2.049129437189549208e+00,8.806582782417535782e-01
-7.965077722394198645e+01,2.198472511948784813e+01,6.377059643081156537e+01
-9.896666325948899612e-01,2.506362095009535551e-01,8.854248730931431055e-01
5.483249791112029925e+00,-2.167847700155107304e+00,-4.338601674069650471e+00
-4.941921298217494041e+01,-4.774574541952461004e+00,4.005522744108748157e+01
-1.012846141333000560e+03,3.636600142297538696e+00,8.253611012136971112e+02
3.746835291268653236e+02,3.455917455902090296e+01,-3.035695544046102441e+02
-2.247355608071666211e+01,6.551116770086809993e+01,4.006558171147480607e+01
-3.898357165871857433e-01,3.814891747897490859e-01,4.576870737364515662e-01
-1.189318057964555919e+00,2.277294866507872939e-02,9.789017379298456945e-01
3.952685055169240513e-01,-4.914491562522016466e-01,-4.787217207485809922e-01
1.756523921852931380e+00,3.627008804469369352e+00,-1.561221515003126115e+00
3.207959794747512206e+02,-3.980911585273133824e+00,-2.607036610010254662e+02
-3.559004400798585266e+01,-6.404533768509281799e+00,2.871349456242751330e+01
-8.075919307945878245e+01,-1.635358004369118134e+01,6.504660792376489553e+01
2.570068889821413904e+00,9.409515076695242897e-01,-2.018578418726974633e+00
-7.763498378568328917e+00,-1.494995280179136898e+01,6.516550003285374260e+00
6.549980566338490462e+00,-1.130323832127032802e+00,-5.268980770255438983e+00
1.182045037244097330e+01,1.062082235359412152e+00,-9.555111942940129666e+00
-2.461437545751687139e+01,-3.568167480611009523e+00,1.989679416036233306e+01
-9.586529164138482884e+00,-7.278820908904890530e-01,7.787110314169694902e+00
-6.061667528602993116e+01,-4.246346712100057630e+01,4.738460982630203944e+01
-1.243371352436952293e+00,-7.978025474585592747e-02,1.013831239833962172e+00
-3.923099446110427380e+00,5.339228562734206207e-01,3.233581077642156743e+00
9.030161084338033106e+00,1.220788823669136036e+01,-7.889151249895803630e+00
3.218271080828708364e+01,8.309153146932658274e+00,-2.653572048773639835e+01
-1.580593134363880381e+00,1.571274691086728126e-01,1.324194709653966129e+00
2.315502660931088030e+00,4.709943904075771570e+00,-2.062020028817642014e+00
-2.333890904410509393e+00,6.866499229334294796e+00,4.280322439386509359e+00
-1.055778543296037242e+01,-1.129145401631831191e+00,8.559280404428136535e+00
5.921779367490671575e+00,1.201674885477405041e+01,-5.341392223053844646e+00
1.508484467936796136e+00,-3.554222774982918054e-01,-1.219749226584099233e+00
-1.766992639750242233e-01,2.570557306753471494e-01,1.553840237093027099e-01
-1.598864096209581476e+00,-7.817529779276810586e-02,1.331476298917550594e+00
2.809414958505658433e+01,-1.868184161555836909e+01,-2.196974967862479389e+01
3.726358265848830342e-01,6.602219250053167343e-01,-2.729878351674415171e-01
-4.282379592495271936e+01,-8.661124537832802162e+01,3.846510796040820424e+01
-1.913380843470804393e-01,-6.959083920810371637e-01,2.050235336500918493e-01
-1.155204015482886462e+02,2.958642434555076761e+01,9.258003187124268152e+01
9.594546417356468737e-01,-2.678815813851542771e-02,-7.587347859152941965e-01
-3.028894819259730866e+02,-7.465668969225407636e+01,2.430743050148885231e+02
-6.796459407713700784e+01,1.995489325946982717e+02,1.233678040807426441e+02
-7.173341324278881075e+02,2.479937768662784947e+01,5.822991414181888103e+02
-4.500235512002836913e+01,5.266990009695291519e+00,3.692722874030005187e+01
-3.828614028388983570e-01,3.742781900509726256e-01,4.505422367947176099e-01
1.015070069581270218e+00,1.419942590291611850e-02,-7.973483108016807819e-01
1.260122901236172765e+01,-1.663962713566434104e+01,-9.465690733981318772e+00
-2.674055258015869185e+00,-5.422827022033743560e+00,2.397997865358775016e+00
1.100074703841528390e+01,-1.048477158532477915e+00,-8.889409635390620679e+00
-2.343827310251072049e-01,-1.018262681318446994e-01,1.955042975387186743e-01
4.706380614574300125e+00,1.925347261247225106e+00,-3.895357731264084578e+00
1.085049566766247153e+01,-3.223381081572733819e+01,-2.028022433037403971e+01
1.520731591619551182e+00,1.543338676274288446e-01,-1.208057554104016162e+00
-6.590177625184878707e-01,7.283879365422762930e-02,5.433483449687628308e-01
-7.940558906411752105e-01,-1.728915525018237531e+00,7.505196975544095039e-01
1.483254411017696839e+00,-3.022653220061329193e+00,-1.033451157127274200e+00
-1.739363361550203990e+01,-1.936824654170777649e+00,1.426121118385344744e+01
-9.436053670509136282e+01,-6.299687538630678318e-01,7.685241265023068991e+01
-4.400330967604531907e+01,4.109561359800864011e-01,3.578384869208093733e+01
1.624951357633108273e+00,-1.347120522987097502e-01,-1.318524984759278595e+00
1.073465476697310805e+01,2.149489946919493377e+01,-9.502032142132520676e+00
-1.256422519358602585e+02,1.491013217945874203e+01,1.014941461971611716e+02
-6.541789500624872744e-01,1.903131093597039580e+00,1.209578167996369302e+00
-3.736943531548604369e-01,3.966459041112102568e-02,3.106141492098686285e-01
3.981638864497654140e-01,1.256219814182259142e+00,-3.511847685185784940e-01
5.113888228543146397e-01,-6.505257878452539444e-01,-5.975085237296298146e-01
-9.123171568612451665e+01,2.415200216244556941e+00,7.408865379588678479e+01
-3.046939900558500085e+02,4.773429458095051814e+01,2.455288037889986299e+02
-1.263375359920610208e+01,1.537706175572384382e+01,9.580622364301234484e+00
-1.650955625125789084e+00,4.826750325155444443e+00,3.015392816392704844e+00
1.169384695822373033e-01,3.199846359784714878e-01,-8.274994465318741277e-02
8.644239017703512218e-01,-5.936515237553976476e-01,-8.643743784632533789e-01
-9.122666663047857583e+01,1.124438062361150514e-01,7.433405359663083800e+01
9.188708652644418180e+02,2.302789067208141205e+02,-7.336193607292370871e+02
7.222237577440682799e+01,1.517226606528856792e+01,-5.809875253454083577e+01
-1.765632961292940308e+02,1.388331781420856714e+01,1.429479821541171987e+02
-2.360043833606468979e+02,4.984618031044374220e+01,1.895704878924880177e+02
1.952503625070676208e+00,4.060841215890832245e+00,-1.732230889290804043e+00
-9.725272231937415199e+02,9.465126191299714264e+01,7.862249550371197984e+02
-1.266639934037812054e+00,-2.647279098920989782e+00,1.148675289456150495e+00
-5.332430805879994296e+01,3.926315401819010731e+01,4.151807686983374879e+01
2.352582785094447900e+03,2.663301974018759211e+01,-1.881798243882018141e+03
5.863089759441209026e-02,-8.993180549077806063e-01,1.627616299083456397e-02
3.507936282085807761e+03,-4.164273939018275996e+02,-2.826893174426426413e+03
8.759169468801701441e+00,1.349556919012684375e-01,-7.109810377452959074e+00
5.379307901636566385e+02,-7.643124824164988240e+01,-4.337198530150344595e+02
-7.077193082390003838e+02,1.480515371694782516e+02,5.667595024549518712e+02
-5.145303887547925115e-02,-2.145270322216674685e-03,9.052558726762072183e-02
-4.178208366629405646e-01,4.156140287814196199e-01,4.821903675911016762e-01
3.519411873841308989e+02,-1.012160281462165585e+02,-2.733941827985690907e+02
-8.325467626447789371e+00,-1.682860019453801215e+01,7.465624347678385675e+00
-2.286489939006060013e-01,2.299197638349141926e-01,2.552732460317201912e-01
-1.609878491326526273e+00,2.154460432648193091e-01,1.344411753234453499e+00
3.946473930880893022e+01,8.787537041644100100e-01,-3.208746439419337548e+01
3.825428461797273485e+02,-1.468699028645860380e+02,-3.032191301838611253e+02
1.613106247314135544e+01,-4.710148710251087323e+01,-2.888548230897868052e+01
3.319036855564263533e-01,-6.717813395662233233e-01,-4.916102063725702465e-01
9.462297475783998379e-01,-5.650425843487028033e-02,-7.764863462070934474e-01
-2.531714330868562683e+02,-7.366102017458251794e+01,2.026163172699707502e+02
1.131301492809143383e+01,-2.207072665594751015e+00,-9.085178085544612259e+00
-1.177801114652538672e+00,-7.017312891875917558e-01,1.016043488387367688e+00
-2.207348978728987277e+00,-4.561357741942629218e+00,2.034030673516099341e+00
1.194795291658374481e+01,1.153832459203840699e+00,-9.654039956749329576e+00
1.528149616278824396e+00,-9.203610394615679979e-02,-1.241493354784324765e+00
7.352545937756076455e-01,1.559458439820446074e+00,-6.414652665844187140e-01
-2.266945059222052805e+00,4.172682887874543667e-01,1.848883470811415464e+00
1.418580563982250169e+02,1.412669539290072862e+01,-1.148762157323071733e+02
1.868206918225041591e+00,-3.238103420590050519e-01,-1.506562213879078627e+00
9.359999804624385433e+01,-2.925335885836830130e+01,-7.473816523299319670e+01
1.010208584796870127e+03,6.742035132003366016e+00,-8.256890946413332131e+02
-3.205544996018579695e+01,-6.503017314348835498e+01,2.891633232977619627e+01
-9.715365408919751644e-01,-2.209811607317533344e+00,9.058488851878792048e-01
-5.366064081244985573e-01,2.243296926026232541e-01,5.391350260470062494e-01
-1.055610372486626147e-01,2.475513375829905272e-01,2.124040285125374794e-01
-2.462072193535277620e+00,1.939582314371364191e-01,2.042369562157546170e+00
1.795888219113694504e+02,-1.217725425664684735e+01,-1.468228298178000841e+02
1.037432877227547579e+01,-9.531781841593328863e+00,-7.982876774040050805e+00
-6.348562124025193043e+01,6.215175164717948064e+00,5.136035258672200143e+01
-3.911834245293721324e+02,1.342912655203763279e+02,3.099364816375309601e+02
-1.246513074584072456e+00,3.554213248076848686e+00,2.217201270628720522e+00
4.076363195781596005e-01,-7.760678842896595597e-02,-3.203649399620189797e-01
2.989886789611773565e+00,-1.934906806476647034e+00,-2.319243840407580137e+00
1.404325735056772828e+00,2.885238572955131531e+00,-1.248238399391993880e+00
-4.416440992496291074e-01,7.756259025773033500e-01,6.297460750211030245e-01
-2.085090148996096104e+01,4.253475675795925781e+00,1.678052058652974665e+01
3.875449578372354154e-01,-1.621455363929271698e-01,-3.897963067283853889e-01
5.766220610326854512e+00,-1.676828659028979018e+01,-1.033312932250555605e+01
-3.609393932280363515e+01,4.638434383821731899e+00,2.915939290108508430e+01
-6.896761427604360506e+01,2.582020105803530896e+01,5.742432688491680892e+01
4.801395404560025781e+00,9.698787007771898061e+00,-4.289830619251006283e+00
-3.445588594157015905e+00,-8.405927711719414219e-01,2.791791422184132898e+00
9.464715120231267065e+01,1.596830830184626393e+01,-7.633581242494983599e+01
8.859891797284944914e+00,-3.810489266470540315e-01,-7.179700146138202399e+00
3.691060841665603220e-01,-9.486661337723489851e-01,-6.124275154434144497e-01
1.076715915820386726e+01,-4.333793148354743607e+00,-8.522468370501883328e+00
2.069487602259032428e+02,-1.834931378139299341e+01,-1.674236973583465442e+02
-5.801283050765050575e+00,-1.680480365663242992e+00,4.659387680629151873e+00
-4.190562238654820248e-01,1.123606321983970702e+00,7.252517042215913534e-01
-9.338366800546064042e+02,-7.917068818902771454e+01,7.568904897904722020e+02
-1.096796754109091125e+02,2.231539463718945626e+01,8.817321022553369403e+01
-7.353721036415663548e+00,-2.242366944613422675e+00,5.911942081848110320e+00
1.660154828638769686e+01,-1.947456759982742369e+00,-1.359931254855473526e+01
2.423830619188083801e+01,3.271302304510754766e+00,-1.957480952874175273e+01
-4.142366751621011645e-01,4.081756321247667074e-01,4.817318890127353370e-01
6.585255896257876884e+00,-9.447971795307239518e-01,-5.306903904041973874e+00
2.909418180850494537e+03,-2.184782506021510926e+02,-2.357941767098382115e+03
-1.435408151947194710e+01,-7.052164414199069142e+00,1.138393234637624118e+01
-1.076127725676997215e+01,-1.445493720116428449e+01,8.118382354959067015e+00
-1.463848848361521959e+00,-3.049398499948438257e+00,1.327096108274417929e+00
2.992538179613300599e+03,1.216035127910290612e+02,-2.399864068220427725e+03
-2.217216209392063320e-01,-1.040633164637256414e+00,2.424529937961779069e-01
2.144993684090877650e+00,-1.195919189976848429e-01,-1.724413873581852386e+00
-5.540766187477856874e-01,-1.182904532179236412e+00,5.068178351793903857e-01
8.963033999316394329e-01,3.493833245011046529e-02,-6.983923112966294866e-01
-4.049664519377984107e+00,-8.130964896874502301e+00,3.594489576236810535e+00
3.542648998802178539e+00,8.089447439982905053e+00,-3.746138948790758150e+00
-2.093725716622429900e-02,4.087278677616268396e-03,1.997577340807765722e-02
3.588533456489676610e+01,4.996534007572336122e+00,-2.898319808956875931e+01
2.977544596455118153e+00,-8.678356089498265646e+00,-5.364602653236943297e+00
1.312622231041314080e+02,-2.293644827354728477e+01,-1.056581716125656385e+02
-3.532130582461832091e+01,-2.441341332611045800e+00,2.867126298008952290e+01
-1.539632984085008502e+03,-1.257864539778202015e+02,1.220309639361264999e+03
-2.126773420488461852e+00,-2.269498810637742281e-01,1.741215825270046480e+00
5.878601801960030571e-01,-1.134280031285015866e+00,-5.177164881715725642e-01
-1.885544794735324103e+00,1.125333984062308446e+00,1.496664320526178926e+00
-1.269304509216744918e+02,1.852233648182300385e+01,1.023752875650534406e+02
6.530198298532050103e+02,1.412578009730787016e+02,-5.254902324367430992e+02
7.143188964982982725e-01,-1.193390951375477016e-01,-5.548684981131373206e-01
-1.005396067111796583e+02,2.949801907588989707e+02,1.821617069150670432e+02
4.380353854394343216e-01,-1.116375415847869590e+00,-7.219524551182985306e-01
-4.515767114178743213e+00,1.328575887740589678e+01,8.253939059562981129e+00
-1.525279812074732035e+02,-4.821460983927681809e+01,1.219855101754510542e+02
9.361034811782883480e+01,1.485728648913209327e+00,-7.615731932784547098e+01
-9.197544518319773488e-01,9.871562036132672802e-01,7.162880825926549733e-01
2.529445210129779298e-01,-6.652792537061031908e-01,-4.262905331561341882e-01
1.491017533582635224e+00,-1.302591546264011413e-01,-1.198547038366086781e+00
2.310760164400562644e+00,4.701398717472329736e+00,-2.056824602128472179e+00
-1.030611490364812198e+03,8.592009465388400713e+00,8.394724220020580105e+02
-1.564266354828941985e+01,4.605301583453547210e+01,2.860319053140119649e+01
-1.486338106369657908e+00,2.971278940676711500e-01,1.235184282821137458e+00
-9.589559955522418022e+00,-7.288563361653359607e-01,7.789532393839181168e+00
-9.287477668767678551e-01,2.538604970439337194e+00,1.635141774429939687e+00
-1.417077815921948059e+01,4.132072937674820423e+01,2.529405342713289429e+01
-6.829620245920523303e+00,9.567490175759303384e-01,5.554189139540540054e+00
-1.317593065366963856e+01,4.384768980526132509e-02,1.074233989376807585e+01
6.449809822304814588e+00,-8.142878069629659876e-01,-5.202903015509946272e+00
1.328178327225032263e+00,-3.824811619473621249e+00,-2.371492532896809280e+00
-4.401854698626266327e-01,1.017890421091578901e+00,6.973389092017896473e-01
-2.869981762306997553e+01,1.374444261494063539e+02,2.124316082149744034e+01
-8.269624352347818785e+00,-1.426878824702089332e+01,6.097453087236317515e+00
-4.027234058019530494e+00,1.385110085015185177e+00,3.253078252484556288e+00
5.309764213743619621e-01,-8.393949159653857350e-02,-4.117971553550887620e-01
1.054554196054232307e+01,1.768702746994677000e+00,-8.476154844182019588e+00
7.188878376815991942e+03,8.788133795429384918e+02,-5.766224371986521874e+03
-5.296656089901807718e+01,1.022922824454144575e+01,4.261887211783323437e+01
2.393094913614913821e+01,-7.046302274905610830e+01,-4.375163727847393602e+01
-1.261213175217562821e+00,3.211043028277345002e-01,1.045084311102982610e+00
-2.407426027340581641e+03,-3.750524978590838145e+02,1.932402366424270440e+03
-5.976789306019782089e+00,1.385409771639388055e+00,4.841804204857908189e+00
1.532732875962683465e+03,-2.252803296481433790e+02,-1.234579929730796721e+03
2.054496674099937081e-01,-1.060816209064796567e-02,-1.457955222858799971e-01
-4.398316859183250926e+01,3.845635846810182557e-01,3.576867275289259851e+01
7.967358746100217104e-03,-1.304310615814756602e-01,4.614474594563944265e-02
7.021343867527320981e-01,1.466085054678842425e+00,-6.111893879715353251e-01
-9.402329599251970649e-01,-1.978088322386611253e+00,8.544184911588672549e-01
-1.061053121037170058e+03,1.434905773263599258e+02,8.547768162502325140e+02
-4.714731652167210996e+01,1.389710859272308880e+02,8.641784348591318121e+01
-1.715063336741877720e-01,1.773512311046943069e-02,2.046961879823356867e-01
1.432908201030950295e+02,5.242530886598069628e+01,-1.141876778434234438e+02
-5.547800895554246381e+00,-7.620536183076183079e-01,4.507786067910274141e+00
8.850141959250322543e+00,5.192734766271314584e+00,-7.411424348625587299e+00
-1.214281844130127865e+03,8.536041305763865239e+01,9.835857109437638428e+02
3.630795116230729036e+01,-5.046941097039962187e+00,-2.926544539717724547e+01
-1.670969737986524706e+00,-6.142609352791623678e-01,1.414396981330355629e+00
4.060882614558067871e-01,-9.795228648872580379e-01,-6.232731530326418579e-01
-9.218151896932176896e+02,-1.976563126418477623e+01,7.529156827414408326e+02
2.255411951453424990e+00,4.584996351593872532e+00,-2.010003282150137238e+00
-8.692987216636538506e-02,-8.123911962611600757e-01,1.234453954421041999e-01
1.898088240866491105e+01,2.200614578034583246e+01,-1.644116580509580672e+01
-4.335429507889784873e+00,1.263336627231910825e+01,7.769004127243533731e+00
3.527429850466432981e+00,2.071240384189877659e+00,-2.943411464453674853e+00
2.076568715129687916e+02,4.180365170878358185e+02,-1.853907369775588450e+02
-8.343723149038851261e+00,-1.686920276656746864e+01,7.484423001355025917e+00
1.361600435981526971e+03,2.213158464170337538e+02,-1.095529065846058074e+03
-1.501855693641118705e-01,-6.837125133839435875e+00,-1.768587357510114089e-01
3.423485254308616277e+00,7.711696089390898123e-01,-2.810997369233518839e+00
7.971189436939312145e+02,-3.906102139501308557e+01,-6.555297508719668258e+02
8.873262788052670658e+00,1.787858620553743094e+01,-7.915117710159393027e+00
-1.942109867480117828e+03,-1.689165735309070442e+02,1.574879686727625085e+03
2.263944610616308637e+02,4.628788249629724305e+01,-1.822318655457056593e+02
-1.553138505776587408e+00,4.434852143574971706e+00,2.770958684734068811e+00
-1.257803766056895256e+00,4.037575074034975842e-01,1.072039686278003501e+00
-7.105217515787808225e+01,4.029255983085022308e+00,5.808205451942922082e+01
1.620466959997429512e+00,-1.326032499782741070e-01,-1.314964527031406760e+00
-9.074073668853088748e-02,2.042762820929056033e-01,7.307254709303379059e-02
2.611900569123099558e+01,4.913385029380151536e+00,-2.103175332475802861e+01
-6.550561812634259695e+02,1.465384877696778858e+02,5.239798137604375370e+02
-2.325482216898963088e+02,2.727346538486017380e+00,1.896034558973187814e+02
-2.436451895244535990e+02,-4.920126561971410410e+02,2.184493853242238401e+02
-3.185295440001937095e+00,1.290621081716381013e+00,2.547913768910802901e+00
-2.499881004335766193e+02,-4.768668998199427733e+01,2.014046281866249046e+02
-4.184554260336881271e-01,4.133955368015449494e-01,4.850710479659028351e-01
-4.809502008920389926e-01,8.470725107472389936e-01,7.014859428163617849e-01
-4.472984079548041336e-01,1.626486316090449691e-01,4.584317414555698633e-01
1.712386370709282346e+00,-1.795245448593050241e-01,-1.387687108828686178e+00
-1.342073695795988897e-01,2.158429349656216800e-01,1.837731051491573453e-01
2.744801492081023753e+01,3.724658669842028758e+00,-2.246649089701531921e+01
-3.403581288359127939e+02,-1.250026130211845157e+02,2.701254932131560054e+02
-2.699932889663614333e-01,1.049481245281640440e-01,2.606302534659334924e-01
5.491554096970503451e-01,-1.364340697356965393e+00,-8.777831328916363418e-01
-1.061300653924990911e+01,8.931945706135593355e-01,8.621341254853177816e+00
6.462070808629505336e-01,1.644116537354420871e-01,-4.982965411327313632e-01
2.224547917678428348e+02,5.497572116377705242e+01,-1.785568896182594472e+02
-1.188462419202551246e+00,-2.486429661395959556e+00,1.077737847634125501e+00
3.187984979345492320e+01,-9.295596846260013990e+01,-5.686874410090968013e+01
2.461929673488484696e+02,4.965495414010074455e+02,-2.203616140373196686e+02
-7.558946648496203125e+00,5.992483114241622388e-01,6.232193309864669573e+00
-2.710163361901140888e+01,-3.912512164504732937e+00,2.192457086635113228e+01
6.980744520795997232e+01,1.525551069725770503e+01,-5.612775433453498408e+01
5.518933583358302712e+02,-9.037048076332575874e+01,-4.443938142163970042e+02
4.128430871787713841e+00,-2.765416807233123109e-01,-3.333088476181728765e+00
-9.284424635465256870e+00,-1.883520136022707447e+01,8.353578370224568062e+00
7.178392850169329904e+02,-1.835115533387579489e+00,-5.853775761782162590e+02
-2.305025051507982425e+00,3.964624813816044480e-01,1.881520890688989311e+00
3.413903254016986466e+00,-1.019609100272646174e+01,-6.464877580838219728e+00
-8.479223394206201192e+00,2.245335004510707222e+00,6.806120579509297386e+00
1.881588570230815094e+01,-5.504131330613745376e+01,-3.384688020125031471e+01
8.924270276354945963e+00,-3.554777378913058783e-01,-7.263221501332054686e+00
1.706389028744190000e+03,1.843748346161628433e+02,-1.389552622602306656e+03
3.424687023423030041e+01,5.476815591841295827e+01,-3.058657793018210214e+01
5.292604571819538251e+00,-5.220605839276686311e-01,-4.265777527471072972e+00
-3.594478359125787392e+00,1.052344063215423375e+01,6.516432666685432196e+00
1.862983120542485267e+02,4.750533193451701663e+00,-1.517111087974044494e+02
-4.594307937247765949e+03,-4.042328415247502562e+02,3.689520482235311647e+03
-1.420069558301474899e+01,4.180501931812614202e+01,2.595170671143569052e+01
5.176681568846106529e-01,1.612004622875247151e-01,-3.942922644491773099e-01
3.517638796532992274e+01,1.510079622967168689e-01,-2.862937239074381068e+01
-3.838101704122891533e-01,9.301430412451736629e-01,6.550109455129131675e-01
2.982375850743846968e+02,-5.212272939093963942e+00,-2.432397838075557956e+02
-1.323826962109160377e+02,2.288304649613564834e+01,1.089702012691705022e+02
-1.583085406166210305e+02,4.736062783500528894e+01,1.265067834754008800e+02
9.429373127160943113e+00,-4.165711062843911350e+00,-7.442303424468263984e+00
-1.463047153824882116e+02,-6.845815868476711330e+01,1.158073153590921720e+02
6.902604177212197101e-01,2.316474510007537901e-02,-5.681280189601238817e-01
5.465384118724614382e-02,-1.396113121882081032e-02,-2.125767408142564818e-02
-1.039785795032275928e+01,-2.541976380403866642e+00,8.378318547266189853e+00
-4.289458346349420026e+00,-1.919957686914131045e-01,3.511417402642109664e+00
-1.223991987397312187e+00,-1.926480711845215410e-01,1.031244454730767757e+00
2.834317977774480823e+01,-6.424481561480206437e+00,-2.272274953167652711e+01
2.550828456616727635e+00,-7.320676710689440370e+00,-4.518445402150973678e+00
-4.718269681102174218e+02,-6.689467155645888852e+01,3.811104165922706670e+02
-2.040597711274749599e+02,-1.009977602792787366e+01,1.657993987738736905e+02
-8.451028080962714739e-01,2.403504804766271263e+00,1.497838284878525883e+00
1.661370455798576586e+03,-1.474300020426016999e+02,-1.343645460901956540e+03
5.872077944804914296e-01,1.679259294585790485e+00,-5.222901651322899852e-01
-9.551494607079148409e+02,1.501521911850395554e+02,7.692489228151389398e+02
1.444966555573046207e-01,3.586477353237569332e-01,-1.074363894440466538e-01
7.333783428184688091e-01,5.315638164756819606e-01,-5.434371567534981295e-01
2.258649925367426476e+02,1.760695449788545375e+01,-1.845712522468820680e+02
-2.540193215725885238e+02,-4.739734355768450769e+01,2.047023470377607737e+02
-1.752641697298531653e+01,5.026854761388676707e+01,2.996516211610287428e+01
-1.480689019909914350e+01,5.927169140704791062e-01,1.204206330873421393e+01
-1.301080284873023629e+00,-2.717750219220761210e+00,1.179811135240015574e+00
-2.923975732282269746e+01,4.238442388304974884e-01,2.385179931473976467e+01
-2.976852215550024994e+00,8.732938301167450845e+00,5.422742104623466730e+00
5.701126685935378191e-01,-1.152658571314532310e+00,-8.135889667901210487e-01
1.898522772418800741e+00,-3.118341576191596687e-02,-1.524522233125026105e+00
8.237691241434367839e+01,-2.880547882192331599e+01,-6.563220061233732849e+01
8.245868312369566411e-01,-1.831168168828298803e-01,-6.242023565912404592e-01
-4.622655802777444478e+00,1.444806143219466321e+00,3.711829714942723513e+00
-1.162921341057517566e+02,-1.143519487493904307e+01,9.511545592625043355e+01
1.302965012029744685e+00,-2.003252180147683248e-01,-1.063392085343366489e+00
2.951016457670135424e+03,7.753767814563980210e+01,-2.364028688363323454e+03
-1.754340080872643739e+02,1.518893311993633688e+01,1.436727373474350316e+02
-3.255878319032490253e-02,-1.193436648463830352e-03,3.603746412954933476e-02
-2.704364127130247653e-01,-6.840685155766550452e+00,-7.906657330750022084e-02
1.190139020327478647e-01,7.960975512978620827e-01,-9.926738353533437476e-02
-3.077482343709561974e+00,-6.299060171993914992e+00,2.771707917847379576e+00
-7.798656664410373196e+00,2.276030261092819273e+01,1.397444321622606367e+01
-4.413156172377057374e-01,4.740040592150762677e-02,3.654279282709467225e-01
-6.775886519870255142e+00,-1.847480543801793829e-02,5.531331967620644718e+00
3.462001454008677683e+03,-4.385176640843019413e+02,-2.787359439218096668e+03
3.373610461130738258e-02,-1.236681200680322945e-02,2.068743668132810853e-02
7.402012213096895721e+00,-2.366400641039945185e-02,-6.010558683599811047e+00
7.775846151402220130e+00,1.569612972915638238e+01,-6.926359082717681304e+00
-3.920735272212186828e+01,4.065887402655789629e+00,3.171720621833810583e+01
9.100460153567837551e-01,-2.626430959673598409e+00,-1.629443887039087713e+00
-7.090389555378351361e+00,-1.436849645769689232e+01,6.363423507711559068e+00
-1.870760250603780150e-01,1.282504491100553423e-01,1.747364466245926451e-01
2.845384349202504382e+00,1.581482525150931906e+00,-2.230224921881017508e+00
1.715626447228714824e+00,6.182684256054926664e-01,-1.396289437776431441e+00
4.758662108975113370e+01,-4.840557342075044289e+00,-3.846244408632628620e+01
-1.416288670559879392e+00,-2.936192036548163742e+00,1.290171349042793736e+00
4.330635635567887221e+00,-4.265822832530830055e-02,-3.513053311617113650e+00
-4.209419146327127237e+01,-1.032844073968590237e+00,3.429726950416807085e+01
4.207891361089423299e+00,8.421667994116432965e+00,-3.715304005483631045e+00
-7.542547841512714513e-01,4.219003471371252090e-01,6.052128798328340054e-01
7.131214044420630671e-02,-9.190421891980804503e-02,-4.471693988307379186e-02
2.127431098045781255e+02,6.541772517084609717e-01,-1.732628729069256224e+02
5.267277027062373236e+02,5.181669704607338645e+01,-4.321055259426357225e+02
-2.818662386641954072e+02,-1.596350744624942308e+02,2.193396399723133072e+02
-2.860741815862711519e+02,-1.218927478413388599e+02,2.260543633991619572e+02
4.976555283428868279e+03,5.290649142844486050e+02,-4.012715341003495269e+03
-3.277132106013596058e-01,-6.917175035923719406e-01,3.175830614054575562e-01
-7.847422487919684500e+02,1.304062280974903842e+02,6.276113747121999040e+02
-9.745054223691113293e+02,1.481186961859348230e+02,7.839884807355701923e+02
7.553168557793833315e+01,1.525852491704281420e+02,-6.774557792244013399e+01
-3.870154139003716409e+01,-6.164803851803299040e+00,3.125935772925731726e+01
4.487064052989560878e+03,-4.337898169699037680e+02,-3.591209736397489905e+03
6.173778833908727393e-01,-4.280536869191564620e-01,-4.624301635194569826e-01
1.283432219746755436e+03,2.291788939602847677e+02,-1.031157005745801143e+03
-9.161413880065083504e-02,1.053093594964593649e-01,1.195619982827338390e-01
-1.765252700251244278e+01,5.224488720225326688e+01,3.268568323738691106e+01
-3.238048778221127577e-01,3.158226334489881992e-01,3.888694259803742170e-01
2.673274898435920477e+01,4.166570601286366582e+00,-2.155005200082086958e+01
1.946950435895123519e+02,3.058512821909971535e+00,-1.584595212383428589e+02
-7.568400647438829765e+01,4.136167143657803535e+01,5.960136553784832358e+01
1.100252116593765095e+00,-4.271082528517581522e+00,-6.691115491557866335e-01
-4.325362401083111763e+00,-8.689364016987383366e+00,3.842481249826960266e+00
-1.213049425248755142e+00,3.484013601904734969e+00,2.193172847386449575e+00
5.328447529784170911e+00,-7.706819588784128428e-01,-4.284923704806715250e+00
-4.372627727803774178e+01,-1.033858655219955835e+02,2.957383555063279346e+01
3.978016501979436725e+01,1.509433937811991200e+01,-3.167597014192142524e+01
2.022233009069226682e+03,-3.093998012790034409e+02,-1.629165776442969218e+03
-1.271808576711919159e+00,3.732949342578649521e+00,2.341861955123022199e+00
1.739079151448095217e+00,-1.119251137017272413e+00,-1.344411097234115005e+00
3.398146333456679713e-01,-4.214524375274777412e-01,-4.128996599465608597e-01
-5.735706664528697729e+01,-3.739368430397007614e-01,4.672740660634008236e+01
5.479981205917283660e-01,-6.969522555591538548e-01,-6.486461835447698832e-01
-2.519494842806947418e+03,7.664660291995096486e+01,2.018219050697633065e+03
1.450262350845150650e+00,-4.274097685469314456e+00,-2.663897871039807796e+00
-2.285662147018243559e+03,-2.482252684986015083e+02,1.846784176377259428e+03
-4.423245602665701881e-01,1.061741720419377089e+00,7.452080191578716040e-01
-1.992875209485646337e+00,4.740182270761579275e-01,1.620263865450397134e+00
1.519135853042826056e+00,-4.644067264162003994e-01,-1.207775191054679453e+00
-1.486779400147497654e-01,-3.026814804179593921e-01,1.588037038745824248e-01
-3.036530082769691944e+03,-2.609104418221832020e+02,2.426052303358155768e+03
2.999053503811592236e+01,-9.509637794864829630e+00,-2.393692823452875018e+01
-3.690941098044859245e+02,2.481391641264781356e+01,2.989920340859098360e+02
-3.070113664353266358e+01,-3.250248795025981963e+00,2.486982339323731139e+01
6.181915189325809479e+01,3.385086727212183177e-01,-5.032433332025539130e+01
-9.606408808249398135e-01,2.502961130230687559e-01,8.589869892457500100e-01
-1.506507111596874893e+00,9.961522230878472328e-02,1.266552560962736607e+00
-7.271753619861556217e-01,1.975346859195269644e+00,1.270126354647800326e+00
-4.354254029167350382e-01,1.319466046756133437e+00,8.525456122588366270e-01
1.220871834520949051e+00,-1.618194181937724352e-01,-9.979802537709474564e-01
4.176258002917165868e-01,-5.545327905565500259e-02,-3.706965910969302058e-01
-2.502859571669250727e+01,-3.556674914783798158e+00,2.023474546638317406e+01
1.169322017260128632e+00,-3.250257027451880276e+00,-2.024441596353426576e+00
1.246442935946688522e+02,-2.751553566331858747e+01,-1.000731737073510885e+02
6.365511773619800806e-01,1.302791541093029082e+00,-5.515565108216833323e-01
-5.115655689500272274e+00,-1.042525808583013713e+01,4.641720034996978939e+00
9.648927741451188922e+02,1.422809413745562779e+02,-7.755854975731344894e+02
-1.408130648080259562e+00,-2.919352935394272208e+00,1.282971269858535379e+00
6.114466039438809730e+00,1.189077603804787486e+01,-5.203926326167106708e+00
-6.250670574152929476e+03,7.928349794936802937e+02,5.014540900749736466e+03
4.655072283308254555e+01,-6.244633374968543649e+00,-3.755520517344120890e+01
-4.720031859911978245e+01,7.519373774644918740e+00,3.881493995507480577e+01
3.279538291273638606e+00,1.022753429366275668e+00,-2.592251056717941537e+00
2.761530298666912131e-01,-3.440062860026955605e-01,-3.386827330105006695e-01
7.216503003621473908e+02,-1.823711135215999093e+02,-5.771394628840498626e+02
-2.019183845259249210e-01,2.689694931032136083e-01,1.757203435408882797e-01
1.219177337712608278e+00,7.167397281737066805e-01,-9.956428790464997292e-01
-1.088688251687563024e+01,1.228369818301871419e+00,8.827808917034417391e+00
2.764284726344048977e+02,-1.670353980438085273e+01,-2.239941372103057802e+02
9.666586171078961343e-01,-2.677348634111694992e+00,-1.661840522894635797e+00
-1.483754801098257303e+00,4.816055441042408347e-01,1.201381990686058998e+00
5.405901391059160233e+00,1.837074549752287567e+00,-4.460107393446378410e+00
3.777982995501952246e+01,1.552147421403788030e+00,-3.078206537826918066e+01
-1.244799324823543429e+01,-1.708251020172610879e-01,1.018118388717994094e+01
9.553085937077412382e-01,-4.746707959566265345e-01,-7.225224976427853107e-01
9.934742003679275513e-02,9.985496499575674534e-02,-6.228519577416591346e-02
1.476224700294493232e+03,-2.259161575579637429e+02,-1.188575339222443290e+03
-8.799818983846344054e+02,6.453453098059981130e+01,7.125156977756414562e+02
2.950412400884088129e+02,-6.072452188906027004e+00,-2.406780420173308812e+02
-9.339503137930296361e+02,-8.209957911929814145e+01,7.567979058778146282e+02
3.839031367097049952e-01,-9.847226233687251806e-01,-6.360232997685670853e-01
-5.354590496455784887e+01,-3.450821160455234349e+00,4.372623824211768806e+01
-2.294498054629075341e+03,-2.506278687160229310e+02,1.853738774268626003e+03
1.215630816295742989e-01,2.129866876639425755e-01,-9.980509587330743670e-02
3.029471893794834614e+00,-2.919312423560768366e+00,-2.590166169567964971e+00
-5.599375433940440416e+01,9.672872871888102964e+00,4.510667647595982999e+01
-2.338089728786144406e+00,6.805262253852561116e+00,4.229090098757296801e+00
-9.785254993475973606e-01,-2.224032599711790681e+00,9.121966169332154095e-01
2.411221180360298604e+02,9.415840343397576362e+00,-1.959676399068557657e+02
2.157298861059825867e+01,-6.357810667110607028e+01,-3.953052208805456758e+01
-3.402409379481105134e+01,4.918833977135363966e+00,2.746350190229713917e+01
-1.075245983328786679e+02,7.008789494488155469e+00,8.712566238094586879e+01
-7.375434342902735807e-01,1.730157131096348166e+00,1.188048901967704296e+00
1.871933800393890124e-01,-2.371544071938842535e-01,-2.339283637702465057e-01
9.649663868985953741e-01,-6.325163429137319326e-01,-9.687293637543916702e-01
-9.691313068615272641e-01,2.504569628508761525e-01,8.667105715721845627e-01
-8.526294403709471226e+00,-4.257994721992872655e-01,6.937775951519142836e+00
1.020059602521359921e+01,2.058109002397395670e+01,-9.118276869645342231e+00
4.790017933817580342e+00,-1.684122078586369753e-01,-3.881389336660504341e+00
-5.630019807210192084e+01,-2.534049668785883114e+00,4.576540668369852938e+01
6.331075860216515139e+00,2.117992425337433815e-01,-5.150372398551553488e+00
-5.730912188318325207e+01,-1.615958268172107637e+00,4.670138655672781169e+01
5.410712163429707289e-01,-8.571672695688903332e-02,-4.197653446099138819e-01
2.075728038793313317e+02,-2.121869531294214539e+01,-1.677985591875622049e+02
1.835006988886743784e+01,-5.365711052576079965e+01,-3.297697904799133539e+01
4.479624705854803324e-01,-7.526865263935178518e-02,-3.526348049781518057e-01
-2.468675768699613400e+03,-3.104435344998200890e+02,1.989491421455051750e+03
2.991879285770119168e+01,-2.340752509946469218e+00,-2.419852819922380149e+01
1.298151128503377549e+00,-4.712940673925913870e-01,-1.024144059745594859e+00
-1.380865265149623156e+00,-2.841978827724233270e+00,1.244814599165692925e+00
6.212617100449278951e+01,2.784954523493070155e+00,-5.046091398008866236e+01
-2.182909695548005402e+00,-1.827897700131870806e-01,1.789543952560052276e+00
-2.177630989812314510e+00,-1.902061532018706203e-01,1.784674460170208476e+00
-2.156048585311509669e+00,-9.653598099248483777e-02,1.772767172413296066e+00
4.648591375365504064e+01,-6.291025711107067764e+00,-3.750035935186315328e+01
1.956298784352838993e+00,4.067747879540547729e+00,-1.736102596565615386e+00
9.259033788878004998e+02,-9.044374979006533977e+01,-7.229245695093413815e+02
-1.230295548739377409e+01,3.683801124803721905e+00,9.855388864059932530e+00
9.280463430518284440e+01,1.337355582532472908e+01,-7.494808938182541169e+01
-2.380708023264189251e+03,8.929652944064582698e+01,1.907153205478796735e+03
3.105280701805953868e+03,-4.632172256872290745e+02,-2.494182554955594242e+03
-2.527497752988710999e+02,-2.655936583265429363e+00,2.058028329202788882e+02
-1.587136881542392075e+00,4.540203391341492534e+00,2.845060121733695269e+00
8.379757215298013762e-01,-5.796844565775245428e-01,-8.368807546794414520e-01
-7.967813239898532629e+00,-1.613614763924852014e+01,7.164927790756337345e+00
-8.346876133000478148e+00,-3.439117577217984945e+00,6.651980039780028164e+00
2.847882498532999307e+01,5.752324583474546671e+01,-2.553127399442018941e+01
-2.052341820672154427e-02,-5.262116994708776474e-02,2.070144528988748789e-02
5.936485538113629445e+00,2.939948523999191821e-01,-4.833208262687548995e+00
-3.823741109808906913e+01,-6.616452840389683843e-01,3.115715522860409692e+01
-2.241477433674852364e+03,-2.366263660464319400e+02,1.811962737803056370e+03
1.383824002696201205e+00,1.610002357047051191e-01,-1.096621247357688844e+00
1.808573498565237969e-01,-5.359610035084187984e-01,-3.322549043223261833e-01
-1.569755577249452472e+00,1.464761580573394895e-01,1.315927950665354729e+00
5.457266888872254640e+01,-2.179259058416937478e+01,-4.335758692736271769e+01
4.555917774210684001e+00,-9.409708235180005431e-01,-3.648225159151479602e+00
7.740184497903101146e+00,1.240934059035498649e+01,-6.849503115052357316e+00
9.317167848348617554e-02,9.989598790416494012e-01,-8.363105032913153991e-02
1.337407137965783477e+00,-3.809318473562598228e+00,-2.276737923035398126e+00
-8.249850591018912382e-01,2.422107959864661098e-01,7.361227188957855105e-01
5.064687320003286004e+02,5.419069503032369539e+01,-4.157618827695259824e+02
-1.654863216506782919e+02,2.481723291525850073e+01,1.334323458890430629e+02
9.328859294764697552e-01,-2.134861276717856526e-01,-7.491155096649890766e-01
-3.760534999892115593e-01,1.149646155536174774e-01,3.269554018916096538e-01
7.050615600310266018e-01,-2.746101951925083995e-01,-6.091078224126249552e-01
-2.338601163029670715e+01,6.858596736378967762e+01,4.233744125440716743e+01
7.076043347598351829e+01,-2.083206427319091745e+02,-1.293090934368301532e+02
-9.623749995371326804e+00,-1.700284006772562861e+00,7.771582552901236340e+00
1.773406332358717918e-01,3.449410852044820786e-01,-1.351068025105632842e-01
2.827808527945308015e-01,-7.498148363083600998e-03,-2.515538741135969758e-01
6.036562107037752867e-01,1.339753298787400126e+00,-5.232436091318959370e-01
3.477164274561800994e+02,-1.065715005173115060e+01,-2.822663173871114850e+02
-4.500141437165439129e-02,1.843705665087327361e-01,5.006884658723720349e-02
-2.064633913846591895e-01,4.046151711372658610e-01,3.446996291168034077e-01
-7.365693655738141388e-01,2.044922430301085114e+00,1.328431305475533009e+00
7.388901052239816636e+00,-2.152492027636617422e+01,-1.319964299630373716e+01
-2.304987625946523622e+00,2.550605895230546594e-01,1.890062319347634912e+00
2.106779055367223918e+01,4.258174658380448818e+01,-1.890539199375780299e+01
-1.872148233815096319e+00,4.345036903396248817e-02,1.549818118553957902e+00
-2.350450749276205897e+00,-4.845910683041438460e+00,2.167247788165695965e+00
1.906110969473957084e+00,-5.448564973077736795e+00,-3.342806385713629425e+00
1.317905824886111077e+00,-3.671803313889540732e+00,-2.294375392491929233e+00
9.496271813329076394e+01,-2.558240994031075388e+01,-7.602641877357382327e+01
1.516158233190886676e+03,-2.926314593139977660e+01,-1.209000390190514736e+03
-2.763396808725083247e+02,-2.091321509706904180e+01,2.257562544730026275e+02
-1.184250305569730699e+01,-3.538925522123463452e+00,9.494671623659087345e+00
6.952707771473797038e+00,7.748244889080524445e-02,-5.649792563635855913e+00
-4.775752207324330811e-01,8.418713395949453115e-01,6.976754793431609869e-01
-9.350534682162106037e-01,6.087555631529539824e-02,7.759125900483923033e-01
-1.907941111199324951e+03,-2.384135580887668766e+02,1.540729899410856888e+03
-4.783427837446652120e-01,8.404619150096550584e-01,6.842870831023901701e-01
3.742522379034198821e-01,-1.615990233840420842e+00,-2.045137314125895500e-01
-3.086578210775041953e+01,4.481766129785683006e+00,2.491489290632307529e+01
2.339017369129578583e+00,-6.719804034335538745e+00,-4.156239221803843975e+00
-3.848386853933334351e-01,1.260782020399346948e-01,4.012395441532135010e-01
-1.229934189934283495e+02,2.941234308012644760e+01,9.866495442553423345e+01
-2.377026200658292510e+01,-1.116716229761368595e+01,1.985782559472136199e+01
3.301921796077513136e+02,-4.732331628791871481e+01,-2.662774613839574158e+02
1.768551632951130159e+00,-5.086734169162809849e+00,-3.151337573304772377e+00
1.249568826475413516e+03,6.877808897082286421e+01,-1.016019156047375873e+03
-5.602199739638017491e+03,6.360645747481903527e+02,4.509614733576425351e+03
1.589130954351276159e+00,3.274102490628138185e+00,-1.412992974510416389e+00
-3.070292309072101489e+00,9.083717326633632183e+00,5.688040975248441100e+00
1.238750445190817118e-01,7.086584090720862150e-01,-1.006704167302814312e-01
4.794718008814379573e+01,-6.917614014935679734e+00,-3.864173669437877834e+01
-1.093981140089454129e+00,4.568047655047848821e-01,8.824511966668069363e-01
3.756215215447940864e+03,-4.194268416872218950e+02,-3.018202284670609515e+03
-5.237150272878352553e-01,2.763368748128414154e-01,5.164411040022969246e-01
-1.073111284032347612e+01,1.405909113411325961e+00,8.692044768016785383e+00
5.133347623050212860e-01,-9.292095812270417809e-02,-4.550435608252882957e-01
-6.322908426157664508e+01,-2.377558785639121197e+01,5.254112028353847563e+01
-8.287910744547843933e-01,-1.767040034057572484e+00,8.036174972075968981e-01
1.823967063697637059e+00,-2.570164494100026786e-01,-1.474580529611557722e+00
-2.502629606460686773e-01,2.465746941743418574e-01,3.110703737474977970e-01
-5.467018361459486187e+01,-1.104737934556324035e+02,4.905659654818009585e+01
2.443258936982601881e-01,2.631749376887455583e-01,-2.065857504494488239e-01
2.370896959211677313e+00,6.682469412917271256e-01,-1.868793817906407639e+00
1.416957220918731764e+03,1.310790885971655371e+02,-1.147670126120559871e+03
4.603988148408825509e+01,-2.281490084540564567e+00,-3.732264530262909830e+01
-4.974166946485638618e-01,1.951045445166528225e-01,5.039975328836590052e-01
7.704373520100489259e-01,-2.749606886063702404e-01,-6.716172170126810670e-01
4.656713742911233567e+01,-2.726365960552357137e+00,-3.773091174126602709e+01
1.195249204189167358e+00,-3.323653122060932219e+00,-2.071079310495406389e+00
3.308657150696555618e+03,-3.212662736832498922e+02,-2.640367459460394457e+03
4.147160639986395836e-01,6.803588441107422113e-02,-3.062156705855159089e-01
3.534698975837090984e+01,-4.044180274358950555e+00,-2.853207484551239759e+01
-2.133125571999698877e-01,-8.285366811323910952e-01,2.278927672741701826e-01
-1.219294803965021856e+03,-3.726030970810097642e+01,9.991136996750137769e+02
-4.087816943310826900e-01,7.281438986537978053e-01,6.091332995565608144e-01
-5.567558196053141728e-01,1.503991042962297797e+00,9.681232725270092487e-01
-2.475434543297160417e+01,1.695052560139447451e+01,1.936387967807240784e+01
-1.623215274885296822e-01,2.499777219491079450e-01,1.438168329523250577e-01
7.313594125735107809e-01,-1.471027966821566224e+00,-1.073210795409977436e+00
6.805002549081109464e-01,-1.694294509943574667e-01,-6.013976332033053041e-01
4.544489311796496622e+01,-6.883232592896092683e+00,-3.662642198300454766e+01
6.438351845674915239e+02,-6.879297714347194415e+01,-5.328822356322489213e+02
-1.717175229831482284e+02,4.804119096641079523e+01,1.373785824452061206e+02
-2.188704860804136842e+00,6.517814266029745340e+00,4.118365437025204301e+00
2.345180124393664300e-03,7.885398343205451965e-02,-2.970145782455801964e-03
1.269414326327212621e+03,-3.445256431066663936e+02,-1.007524525801651180e+03
-1.360512098763138056e-01,1.161347294691950083e-02,1.189703567652031779e-01
-3.823392769991187379e-01,1.022192425443790853e+00,6.605962940957397223e-01
2.467226485151681118e+03,3.504817785708291922e+01,-1.974085302478750236e+03
-3.391602789051830769e-01,-1.037034877808764577e-01,2.800013321102596819e-01
-1.645850546366302297e+03,-3.580886179138615262e+02,1.311495745580527000e+03
-2.634007600136101246e-02,-2.379640191793441772e-02,4.762673444929532707e-02
-2.175803055986762047e+02,-2.953648357914062217e+01,1.759095399917569011e+02
-1.362400602782145143e+00,-5.177129979711025953e-02,1.112769566083443351e+00
-1.067190184257924557e-01,-3.140722857788205147e-01,1.215646822092821822e-01
-6.533047016710042953e-01,9.630145702976733446e-02,5.484536522053531371e-01
-4.363744514994323254e-01,-1.189803881105035543e+00,4.269338938902365044e-01
-1.090446266811341047e+00,-2.391921063652262092e+00,1.016173142037587240e+00
-4.713869377919763792e-01,8.282179316738620400e-01,6.738319664727896452e-01
-2.716931993991602212e+01,7.953613780159503222e+01,4.896032781386747956e+01
1.890387484595994465e+02,-1.041970592613215558e+02,-1.486638039515819401e+02
1.933372266124933958e+02,-1.800150568538811058e+00,-1.575431057612004224e+02
7.012722856577602215e+01,-2.339414914054214023e+01,-5.593208674644120038e+01
1.848917747818632051e+00,-3.793392041698098183e-01,-1.486797030200250447e+00
-6.402091916825156659e+00,1.875473612942732871e+01,1.157941581495106220e+01
-1.562339639867423102e+01,2.206504856992978603e+00,1.262467527179978788e+01
1.287769732801243663e+02,1.499883783742552623e+01,-1.041808295617811382e+02
-2.215205191753921099e+03,-3.826616249596845591e+02,1.774449383952392964e+03
-4.414986468129791319e+01,-7.091879074112512171e+00,3.625419331761077046e+01
2.542568312608636916e+00,-7.318327333778142929e+00,-4.437893392518162727e+00
-8.321756363315507770e+02,-1.777887801273027435e+01,6.779181225991342217e+02
-2.846480048610828817e-01,7.846624406520277262e-01,4.460963236633688211e-01
