1.362278231668106576e+00
1.746818407178691857e+00
1.307106177967434890e+00
-5.204755257377049471e-01
2.590958759242949938e+00
2.033843377809903430e+00
-4.643591335869401426e-02
2.448206753787534495e+00
2.501428051930891350e+00
-7.017462938942367057e-01
-7.894089519643030517e-01
2.982342586151395913e+00
1.622149463321732377e+00
-3.484041993144044724e-01
1.371833891453770882e-01
2.410874982204152417e+00
-1.535770672167326989e-01
-4.097439745237485553e-02
7.810821232717672924e-01
1.740679186906339382e+00
2.497118198671169687e+00
-5.605127249500421183e-01
4.980185464132451667e-01
-4.799056550620450778e-02
1.618076847640336435e+00
2.082274226181172416e+00
6.739424746475788375e-01
1.472356053355680761e+00
2.008338249725469815e+00
1.776808060241305665e+00
6.123724629756202020e-01
1.306505351947770954e+00
7.024442320655017724e-01
1.706276742368424859e+00
-4.298658797154149003e-01
7.589783394387878968e-01
7.982274331557637215e-01
2.386574151452819148e+00
-8.398846137765663133e-01
2.132968573992143568e+00
-3.971887959684283764e-01
1.214358227451010741e+00
1.392536736818475784e+00
-5.249525550116158623e-01
1.031137648152595565e+00
6.499016691997394624e-01
5.605878903306478200e-01
-3.273755472388533150e-01
8.053865357905400923e-01
6.624668331356520223e-01
3.100203370006290093e+00
9.472930522548789201e-01
1.138103141905072668e+00
-1.586305110435632937e-01
8.256429508964697739e-01
1.531277988097390352e-01
2.091701552128010899e+00
3.381357461641519846e-01
2.275545166577881417e-01
2.607244628408839304e+00
-3.785853478809160233e-01
3.107005770099400266e-01
1.780936174657301585e+00
5.095508680620084441e-01
2.514991482658360811e-01
2.557527296068778266e+00
1.070447364229034859e+00
9.976274170375383221e-01
1.403918921573492629e-01
2.039925605985156487e+00
1.796912255235268541e+00
1.038216907688747082e+00
7.549936008914429619e-01
2.960448945014745314e-01
-4.479809026592649346e-01
-7.487899484438687026e-02
-4.100543448216389386e-01
8.661885137693026149e-01
5.124059947001635695e-02
5.400439022801527544e-01
1.098436997310416663e+00
-7.408631644689731566e-01
1.884451668170080696e+00
2.543957651935404130e+00
2.554347568758923437e+00
1.383915020727251921e+00
2.082665978932487505e+00
9.774467176739977115e-01
2.769379209931567498e+00
9.261551521197447512e-01
7.134539497082625914e-01
-7.001314645744802778e-01
1.332141901210613266e+00
-7.887332521855481282e-01
-5.839277563158764561e-01
2.339333874253029411e+00
-3.939403539027224177e-01
2.099528358919772186e-01
9.894514011883579485e-01
3.285029060810683577e-01
2.207442867478984994e+00
1.271450768389353447e+00
1.612663078658487459e+00
-7.965960603621187186e-01
2.576259044314755942e-01
2.056555664733713762e+00
8.916222238252772270e-01
-2.333742234281448447e-01
2.008302457283001718e+00
2.361801697984347470e+00
2.136807273784287808e+00
9.289609313160823723e-01
1.016100791900377276e+00
1.376097443492881212e+00
-2.894208921136205426e-01
8.594271118919027952e-02
1.239087328438548186e+00
-5.930070333676746852e-01
1.681391552785258980e+00
1.233646028415113616e+00
-5.100929676895216147e-01
1.763895017994447922e+00
-8.415198594767863138e-01
2.395119695589209563e+00
2.620951976416440843e+00
1.648414726197360514e+00
2.910277050123842635e+00
2.592672193239010880e+00
1.163028280132923920e+00
-8.660716158656467378e-01
1.210130630289619980e+00
1.124954774519795864e+00
-1.354023196373228544e-01
2.657310481593475160e+00
2.688668178316016899e+00
2.387123097846035158e+00
2.623692766666432696e+00
-4.693903219654322889e-01
-5.051388517227217712e-01
3.465196958178113906e-01
-1.628206174802229178e-01
2.333273339542920155e+00
1.046365675568305953e+00
1.323218604207591076e+00
2.405862708284619345e+00
1.476597049662788930e+00
4.136270686747184344e-01
-4.988359275736780063e-01
6.211331307398952895e-01
1.285586664697835779e+00
2.490086161940687770e-01
1.875999913717012468e+00
1.090396492303462583e+00
7.763054092032811715e-01
1.285276147742806074e+00
4.937575687813473557e-01
3.337133110206101927e-01
9.224992353875441919e-01
1.206621544044162997e+00
6.955243026849801113e-01
-7.909500157459548042e-02
8.384233036766570724e-01
6.060043174381755104e-01
-6.486901077024098683e-03
6.421783805801362099e-01
5.230339053415740125e-01
-2.832586529103211515e-01
1.395999167629671023e+00
6.428886678906511332e-01
1.210065008509159767e+00
1.305104160451454831e+00
2.125225857030766718e+00
2.779333558993374531e+00
1.121037727959692809e-01
-7.544049866730968557e-01
-6.937315151218752529e-01
2.782695560525928480e-01
4.272476447805466648e-01
-2.540000521953873491e-01
1.728142329198897542e+00
-7.711699051932419113e-01
2.441193223794822842e+00
2.319557658790765586e+00
4.316744843460437187e-01
2.144483438819986709e+00
5.668301377174803646e-01
-8.998367178037947056e-01
2.069075418499614294e+00
-6.088816435563468854e-01
1.617238994391821949e+00
1.275071835845555057e+00
6.205412142989175095e-02
2.581651502157810363e+00
2.154150480069283891e+00
1.037496380236239801e+00
1.131802956880864075e-01
1.683547416829078269e+00
-6.176965642997211958e-01
4.043423093251330425e-02
-3.177053123516080380e-01
5.606920041988727732e-01
1.364806276163890164e-01
3.563778262846949429e-01
9.114830744043520561e-01
5.440475874434800296e-01
1.109967502062564559e+00
1.815792370686071688e+00
9.233600272177743262e-01
1.876225630978356262e+00
1.174854482909198916e+00
1.103246096691042899e+00
1.734537543493180234e+00
2.565256042213246435e+00
-7.720138796128650505e-01
-1.553678022953288718e-01
1.112229490453986891e+00
8.530414451681845867e-01
1.962281280144960505e+00
1.119156470733055686e+00
2.631723722524199616e+00
6.884248692665124736e-01
2.599630377896445133e+00
1.203441541688794247e+00
9.201639235977733255e-01
1.274958966268339600e+00
2.707697794397500246e+00
2.663508926125392584e+00
4.110574511745967996e-02
1.085991395548002725e-01
1.477324869289522891e+00
2.592552867165373698e+00
1.267956054961965506e+00
-2.341674516196889932e-02
2.139260987493342148e-01
1.638936473521465542e+00
1.498793603872682567e+00
4.696397203333810833e-01
-2.823037066871858514e-02
2.681170223513516859e+00
2.356387965762969383e+00
1.136897643539736880e+00
2.314294168972027776e+00
-5.246443539776632914e-01
2.058793891457490588e+00
1.962723438001500842e+00
2.950692894743846661e+00
3.167168283668864159e-02
-1.786008534357896860e-01
1.186818599969593269e+00
2.762596301157048018e+00
1.899209468395219425e+00
1.347871429537239152e+00
3.422593846312262933e-01
-3.905743333006683748e-02
7.630457589892484238e-01
-1.472772647452529338e-01
1.509218745656017102e+00
6.392284835575334778e-02
1.044856852756653298e+00
1.828158635554220091e+00
2.116840770370866043e+00
1.087447048518814352e+00
1.321307857353270165e+00
1.939506191880939312e+00
1.314555763925937537e+00
7.497671843212805332e-01
-5.928715223565494963e-01
1.544006367362090737e-01
1.241094208604359039e+00
1.768021523651174265e+00
7.044055908024801083e-01
-8.166022302876663197e-02
-2.840406357963498607e-01
1.370202929794695823e+00
-4.502100263182784445e-01
2.488404355248407640e+00
9.080291432792377826e-01
4.079452188489667286e-01
3.182340741253044669e-01
7.841729799339892670e-01
1.629545031274529876e+00
1.103646838265648356e-01
1.186906713340704744e+00
7.086465290644172743e-01
7.407391404214521691e-01
1.563603792163208217e+00
1.947646897036774183e+00
6.874172859680423020e-01
-6.139450364746490418e-01
1.593801551948436979e+00
8.380606566007938740e-01
7.224014879225773011e-01
7.394567398445218709e-01
2.411520791701138311e-01
2.680551543608385323e+00
-2.969955651748998893e-01
-3.249914602737169478e-01
2.723324012676143990e+00
8.274800030199623846e-01
1.623389525067647110e+00
2.257491034660309204e+00
1.966675181383889637e+00
-2.438290943018941448e-01
1.173936427224137935e+00
1.432010045247090968e+00
2.739511062804344199e+00
1.245113143269359846e+00
-3.239873216927922073e-01
-4.371225235369935458e-01
-1.721441341926697177e-01
6.141360627634084857e-01
5.123996741191516602e-02
-2.710970969183021939e-01
2.583493733089065714e+00
8.304526803289292713e-01
4.811720109688001346e-01
4.805466004960444737e-01
7.004426022888983194e-01
5.389960947111049894e-01
2.107202956802031846e+00
1.858594250246752067e+00
1.054714955941328469e+00
-1.298401760371374891e-01
1.036327932356666759e+00
8.664915010130125328e-01
2.360525148502460091e+00
5.617709628262559374e-01
1.100394782433346652e+00
3.410524185793076812e-01
1.413896780936956699e+00
-8.852726160186685789e-02
9.696240084609634158e-01
2.430133548126088172e+00
-1.346272455195327566e-01
7.321751166242581599e-01
9.114195271523413133e-01
1.677696319615193499e+00
1.347040522125980910e+00
-3.356076665180385277e-02
1.524308692319764624e+00
7.856195057905731582e-01
2.150632141447772483e+00
7.186311647289547189e-01
6.863608824529434660e-01
2.255801764233305029e+00
-1.824910788781612947e-01
1.614818700216827274e+00
2.784679731289733340e+00
2.919285435055347655e-01
1.483808795988656559e+00
-1.317387939929184348e-01
7.121363620178144949e-02
1.016552772994174791e+00
1.760604725634175249e+00
-7.612560385852966682e-01
-1.933783248500251517e-01
1.798908781069482821e+00
2.110217562454506535e+00
5.597432961006834073e-01
1.639800621489037269e+00
-5.977038483057626195e-01
2.832040784406212541e+00
-5.224599949471213645e-01
9.801803739946163274e-01
-2.436594940891569916e-01
2.526628336883215198e+00
2.406633703810246772e+00
1.686972342100068190e+00
9.584828338681007365e-01
1.739574380959842959e+00
1.419662948992225893e+00
4.403684640352867330e-01
1.309742200066652096e+00
-1.687784107244618692e-01
6.491000619625617585e-01
1.050101592403522632e+00
1.798273525958561825e+00
8.129165389630735872e-01
1.574757888451275623e+00
8.332788833471092005e-01
-2.734746606511746503e-01
2.541742621320112194e-01
1.075984620923002399e+00
1.358682803625756996e-01
2.700203534575610353e-01
-4.185211726420441369e-01
-6.461165043540442188e-01
7.349598406807956730e-01
1.501498234354647465e+00
-6.156007393620044343e-01
-2.359869084972834319e-01
-3.654400833429667372e-01
1.779013827859756258e+00
7.671167796369017244e-01
1.081878165334474451e+00
1.371598573476203731e-01
-6.730860024818399179e-01
2.183046133374278774e+00
7.220484720604681828e-01
-7.323552226358867046e-01
-3.956612981840468279e-03
3.001305480196354125e+00
7.109418001102257856e-01
1.710012653336069333e-01
1.614409974900752331e+00
4.495887984276528693e-01
1.193081102656216697e+00
2.268830858742979295e+00
-1.600841839355735541e-01
1.975531697340554116e+00
2.569397009314880354e+00
2.868519737747134979e+00
5.510760853256246872e-01
1.208932621838887611e+00
-5.990778800249489944e-01
-1.761867823581697579e-02
1.336891345169295642e+00
2.200932545639558313e+00
2.487892043235254036e+00
6.317871477941867653e-01
-1.448081995923589105e-02
3.030946748356923015e-01
1.569789114260181417e+00
9.305996638062712378e-01
1.312875413288905113e+00
-8.076690469049851995e-01
-1.478566197633868207e-01
2.069160931244432788e+00
-1.765576981405150292e-01
2.524065248820864582e+00
8.280884497271796540e-01
1.573669893304363798e+00
1.501274009124065945e+00
1.913028940711990700e+00
2.979657055531404808e+00
2.425462191765489495e-01
1.814922577723976360e+00
1.643207870780159841e+00
1.780173222922355025e+00
1.362503588893166917e+00
2.079682138849323181e+00
1.773889529964470135e+00
6.233569895909523151e-01
6.212505727763480978e-01
6.772942253028035875e-02
2.587279815681425621e+00
-5.755867057229768768e-01
1.782730737685323197e+00
2.746386882078251990e+00
3.091249718628752419e-02
2.230167341714903273e+00
1.414316490255999037e-01
6.594707879078325341e-01
2.717012628397893259e+00
2.843519057185567522e+00
2.345344740852339349e+00
7.041979392240997893e-01
2.105457892732597980e+00
1.289184454717688277e+00
-8.612213396435957069e-01
8.634676095503821536e-01
1.557474051496254397e+00
-1.474495091389578239e-01
2.111886750825076930e+00
6.583889880689504093e-01
2.682977560423176033e+00
3.201597918437361079e-01
2.091067317569705430e+00
4.055622880914130368e-01
-8.203326587170689521e-01
2.047555649687538448e+00
2.149149531338107266e+00
2.489881419952402197e+00
3.657741918847872142e-01
4.374092170817573955e-01
1.486162086758113787e+00
5.030131309357039893e-01
1.055508458140501649e-01
2.784883656697477505e+00
6.433378903532608328e-01
-4.243205006484618291e-01
2.154864046717075432e+00
2.363838811081504510e+00
-1.901993841551294917e-01
6.497128744989481008e-01
7.771235878561610910e-01
6.252948773661954895e-01
-5.003785228395900564e-01
2.315164197879888697e+00
-1.206572709998212645e-01
1.485673620768714009e+00
1.181288360070639420e+00
1.538546495630909838e+00
7.140392615006598831e-01
7.740147234824299449e-01
2.517332466544341507e+00
8.581444648345190052e-01
2.547186892227657928e+00
7.676925409974512116e-01
1.070610168112907434e+00
2.269757599329907949e-01
9.560331769661396528e-01
1.808787154100738759e+00
8.207142716589711506e-01
9.174251477386047293e-01
2.273014775571250201e+00
-1.523826716580165552e-01
1.077323536806493509e+00
2.766387643390697981e+00
-1.613082901633322574e-01
6.557378848680295302e-02
1.663679752574084736e+00
8.747895326284322870e-01
-7.732872111645012758e-01
-2.432538948886724395e-01
4.020316852733030188e-02
1.290439203772579591e+00
3.114065720805048176e-01
2.248821005153958108e-01
2.633737873730070511e+00
1.815631728815356283e+00
1.065604081555034943e-01
2.447958590471495555e+00
1.307322880203001247e-01
1.465208553280710424e+00
1.004356028557376046e-01
5.951485556843342239e-01
1.164271247122641517e+00
2.853360275282744496e+00
2.474597872484046945e+00
-7.308832565377643142e-02
-2.063246015707307368e-01
1.921193635435930469e+00
1.451232496873938294e+00
5.206664796790272387e-01
5.671464313532607049e-01
9.148094084818547689e-01
-4.453498188224271903e-01
2.097263201568527080e+00
3.005269518142754670e-01
2.527884134630943969e+00
-2.265870365822049148e-01
4.141007010461936755e-01
-9.788945548209615488e-02
-5.407565866992278814e-01
4.952022491081222721e-01
1.404829664423790536e+00
2.671605935312429736e+00
1.943476710313356115e+00
1.469328807388114111e+00
3.234928620650259212e-01
-3.226014531982279721e-01
3.700905437256126751e-01
6.790862594245642425e-01
1.794244143821155602e+00
-3.775735606194698946e-01
1.203699147375353107e+00
6.358046661135234867e-01
1.730686703913800750e+00
1.655443929902903122e+00
1.753599529972533766e+00
-1.499694648270568642e-01
2.449409407689895346e-01
9.616229065409949150e-01
1.578094028057916542e+00
1.509293588405149933e+00
2.549763778186836305e+00
1.061347795258946514e+00
2.338151082975076456e+00
1.957730175160178554e+00
2.541335452408521434e+00
2.115550517243853790e+00
2.757599744481602944e+00
3.045092003719915841e+00
-2.368539555461877111e-01
1.611548761454262957e+00
-5.321298617648775320e-01
6.052306012156538628e-01
1.636780531982361397e+00
1.104156363956743325e+00
2.006995768689551873e+00
1.800405075710486580e+00
2.620962480747435208e-01
6.407736091492473030e-01
1.049978588441392136e+00
2.171561993034616833e+00
-9.261187525634790862e-01
-3.243443162036907523e-01
-6.467898122589053056e-01
1.358761884427636346e+00
1.523036227098027551e+00
2.608325204629807770e-01
-3.201450784041970365e-01
2.030701900714631414e+00
2.586220006037296848e+00
9.303900875596620157e-01
-7.216562196073919022e-01
6.123187435115762245e-02
1.780178860937022822e+00
-3.671270834622797352e-01
-7.407897441144388750e-01
2.096427753522666082e-01
3.565452909062241105e-01
2.463285509043281474e-01
-4.616654336198429132e-01
-3.078912800005744188e-01
1.047612018101904185e+00
1.509553946640623590e+00
1.966959359070221680e-01
2.168032735057573213e+00
1.822581404109976155e+00
1.118842681069295297e+00
5.620369150240515088e-01
-8.246265062752657915e-01
5.812175816886566704e-02
1.144490564818797518e+00
2.020788802733207712e-01
8.866372240861800647e-01
2.239273320428311287e+00
5.030524572919650161e-01
2.270733465562944531e+00
2.450102045010949858e+00
2.544194126656258881e+00
9.212977814564592416e-01
-9.241377812909898903e-01
-6.414587857048492658e-02
1.325444984019629624e+00
1.934238283086591403e+00
4.835721190101378575e-01
9.265843454016375880e-01
3.871477192846080051e-01
2.240305012243840599e-01
-3.387244345687143721e-01
9.315543444860889810e-01
2.589373432353631266e+00
2.328475413849071529e+00
6.957709409519703403e-01
-5.891302606327191160e-01
4.059481300434176765e-01
3.086396113605042402e+00
2.766782371540517538e+00
1.175760381510944308e+00
1.580759583601347273e+00
3.289018886160265387e-01
1.162653170405472558e+00
2.728317681940241712e+00
1.136854865563929895e+00
1.389510205283498001e+00
-4.411256684820386020e-01
1.918998225822411641e+00
1.483078545693373718e+00
1.056014604469888152e-01
4.843045254186506554e-02
1.613903629754210201e+00
9.169595340765022140e-01
1.338976831956602442e+00
3.052366991253740558e+00
2.637853610280468386e-01
1.353856417509382570e+00
-1.507423118346935542e-01
-2.176676144806748425e-01
-6.991566839285501267e-02
1.044546843631423139e-01
-2.346677906803988911e-01
4.794844503920897560e-01
1.215893214663978483e+00
2.204852196545864729e+00
-3.336392133032621832e-01
2.823942334641078578e-01
2.054173387256687633e+00
1.322646993882389044e+00
2.546381267461368836e+00
-8.415046830543126966e-01
3.027758893940823981e+00
1.840439602012244436e+00
1.724230932059809041e+00
1.538954939059252958e+00
8.187995304463431268e-01
1.881486312200687294e+00
2.699871680569683186e+00
1.227594807606161353e+00
1.314991060751515839e-01
-6.766424024521431324e-01
3.382916163121666431e-01
-7.699519591373873428e-01
1.736559315950331417e+00
1.108231159111425335e+00
8.332798154796572376e-01
1.723838345483892365e-01
-5.794456927893032461e-01
7.594301915195308395e-01
1.093311354951708836e+00
-7.895154806262809632e-01
2.055040433328443772e+00
1.661647607603022214e+00
-2.845098443216251827e-01
1.305433133337464024e+00
1.334640546051640175e+00
7.711600087421138783e-01
3.694835092627113404e-01
1.293006341754489696e+00
4.248567038380846039e-02
2.392806443831092977e+00
1.729687136227692879e+00
1.925424181587646277e+00
1.432668839741352285e-01
4.489376406834321154e-01
-4.745938843316412914e-01
1.284039507185696705e+00
1.414477453801711526e+00
-4.487438740055860187e-01
8.962329414827224783e-01
2.370406749608718666e+00
8.501743080917399942e-01
2.432159967903706921e+00
1.986674308466878758e+00
8.299978282822131348e-01
1.353599463381025991e+00
-8.837563570794184642e-01
3.546519227792819251e-01
2.547568070716434097e+00
1.628730963488024486e+00
-5.773885798256155333e-01
-2.684818024689099580e-01
2.035175439348152704e+00
5.935754667897135128e-01
2.184111497018815129e+00
2.656802554325413679e-01
7.213706943169813091e-01
3.607435505789324814e-02
1.066753460159771683e+00
1.336332991166256035e+00
2.159839880549469626e+00
1.580737280852829940e+00
2.309447580159523117e+00
2.613065488625397226e+00
-6.560793431359985828e-01
2.153741968039960319e+00
1.776469764242460503e+00
9.548169206697184608e-01
2.199347648600666894e+00
3.251719970652817704e-01
2.659990782432403833e+00
4.966086186193423568e-01
-4.592342317201927315e-01
2.690141334312591503e+00
2.059838536009528376e+00
1.769112333420388428e+00
1.848852244420998714e-01
5.347886384587359210e-01
2.558483339697180892e+00
2.528168664215909578e-01
5.051090276270348012e-01
2.721521230818691350e+00
1.199957199013543807e-01
-3.449341156956300392e-01
1.374624158356841930e+00
9.081246356770468209e-01
1.020928783032042375e+00
1.216514187540290504e+00
1.111930095564768850e+00
2.567078896722089443e+00
1.044914951239988676e+00
9.201549015679511001e-01
2.881693180778334806e+00
1.572916775667168254e+00
9.988691506820441823e-01
8.636107750465848998e-02
1.177068173290240605e+00
2.274759479159184750e+00
-9.820735730732517155e-01
-1.449298573110495703e-01
1.680749809675334827e+00
7.590832181264133283e-01
7.684145569134795961e-01
4.423859176431494955e-01
2.757944955727158032e+00
-4.293933532579694567e-01
1.683521002376452413e-01
1.219157790785828421e+00
1.543500003430182232e+00
1.014781029309010929e+00
-4.984100075944295494e-01
2.298322066218023707e-01
-1.749381297107610589e-01
1.563590250537437054e+00
-1.871448185429960276e-01
1.035533760283890992e+00
-6.042370001977643845e-01
1.138767130490016433e+00
-2.856123815842128710e-01
1.276005546793231860e-01
9.326525637804183866e-02
2.427774050086042301e+00
1.101564342604471447e+00
5.256811189634280623e-01
7.840183561042195493e-01
1.640454893371898315e+00
1.596765260850786738e+00
-1.497361648860850991e-02
6.958353731255118024e-02
-3.730682411548604804e-01
-4.945644270601989856e-01
3.720401555328667342e-02
-3.230584875076125684e-02
1.643045189904090098e+00
-4.074473431573431004e-01
6.663672422966728792e-01
2.452265779879778229e+00
2.774212997099671174e+00
1.051080228650488557e+00
2.558595126054344249e+00
3.179349308403006447e+00
9.796053412098029156e-01
5.328990937616124857e-01
1.480638325405884359e+00
1.911979999151388165e+00
-1.732954912832425087e-01
8.777816550789693251e-01
2.229580428284789750e+00
1.859541847049273056e-01
2.796074267225009402e-01
7.550160618938366319e-01
-4.103963932712382245e-01
1.240089914569164620e-01
4.053322455745738129e-01
5.418348468898047665e-01
1.845495966653125208e+00
1.923067105268694288e-02
2.392029266174603208e+00
8.857756811029856570e-01
8.606300161781188507e-01
1.305290674972265030e+00
1.203951121354136067e+00
-3.229508448006952470e-01
5.743046403590328364e-01
1.138833050062855845e+00
2.536923579402376561e+00
1.651663954339275708e+00
5.630291943456616766e-01
-5.051945668856911986e-01
2.474729200557339581e+00
1.376721488084525991e+00
-8.238092991104906115e-01
4.944024912315516662e-01
6.475818430362741962e-01
-2.986661410707751596e-01
-1.711557686066065287e-01
-1.163075570363627520e-01
-1.483203235265562192e-02
1.778513140674512938e+00
2.731636128224732118e+00
2.518560360087602756e-01
1.566303257799343207e+00
3.262665799802900723e-01
5.731230894523342556e-01
2.168204861558414631e+00
6.775376622294850826e-01
-7.707411613141421647e-01
2.097699527563048782e+00
1.140738205993859555e+00
3.954255461699587304e-01
9.124818927322875250e-02
2.606897832286646288e+00
1.601790886507628020e+00
2.005339120165328559e+00
2.005603944144433104e+00
2.002621172338417299e+00
5.328318186546141533e-01
2.517695404585175822e+00
9.918543143669846796e-01
4.110979859538378411e-01
1.534351432064628984e+00
1.037050372062254144e+00
9.515785870939502678e-01
1.340116524983640423e+00
-4.351792918545736022e-01
-1.214219244782588358e-01
2.769498882924939842e+00
1.648489235096857630e+00
2.816303170046364102e+00
2.679225298649142495e+00
3.266489327442525514e-01
1.698928790718721160e+00
1.138457075726163836e+00
2.048756678054951763e+00
-4.551493029007211977e-01
6.808821648855822861e-02
6.613003860781494492e-01
1.629180103366006938e-01
6.234726801836691923e-01
2.306283367546193563e+00
-5.673209211711716105e-01
-1.702961099080613216e-02
9.082735752103233695e-01
7.092596235377990332e-01
2.026813722485997893e+00
2.061215142506527265e+00
-4.835310769117473484e-02
-7.949744950685855294e-01
-9.527505919003937951e-01
1.788976693003418328e+00
2.569931462760843832e+00
-3.040514537869798417e-02
2.440332226284163131e+00
8.274872709506331248e-01
2.233168559436319534e+00
-2.086120348809019642e-01
-3.576115562738673148e-01
-6.192310329358006182e-01
1.352900916775994222e-01
2.819263540830107218e+00
1.998908294771040595e+00
2.713786641054206861e+00
-4.830436336151973098e-01
-4.031456744157997374e-01
6.641393349326656370e-01
1.073846750567353014e+00
7.912826089301567833e-01
1.647466126775132489e+00
3.256424588823169097e-01
-2.174745265074720102e-01
2.066009701414024846e+00
1.083196569479929483e+00
-2.247229072270762185e-01
2.979379117530447374e-01
4.184262717348543603e-01
-4.694469904303517627e-01
-6.834057834528550757e-02
7.047857578565965841e-01
6.557473455384552619e-01
7.472455842526120051e-01
-4.644938943932996889e-01
1.166627097524106871e+00
9.835171161950854168e-01
2.526088286409554406e+00
-6.444130955400633187e-01
2.310614521982971237e+00
4.542326166420850297e-01
1.217857947195923884e-01
1.009860049184643449e+00
-8.078023581432436373e-02
2.777156634608533015e-01
-3.382866993186706139e-02
7.245880271715603449e-01
2.637129630640968614e+00
1.024226723655931037e-01
-1.427089565323895748e-01
2.912028803268660315e+00
1.149036496088801096e-01
1.980611879762284033e+00
1.169367283030949389e+00
5.377838908791481298e-01
-7.146778298965772436e-02
-4.572360931139529683e-02
5.372897285579170124e-01
-4.069582329637264628e-01
9.956735791055391083e-01
2.122942112461832842e+00
3.908072582019891383e-01
2.343437942806784413e+00
1.134337534402704240e+00
-2.142758799260138236e-01
-3.757629930149399833e-01
6.263865356809931173e-01
2.230498931564760756e+00
-2.524728297457243809e-01
-3.723716305220703404e-02
5.319359793220531651e-01
1.161632615526957846e+00
7.716262588643216791e-01
-6.430591118819455332e-01
-2.692492982492833420e-02
9.431284180007319939e-01
2.158401005607952783e+00
-3.780234652309315546e-01
1.070053340829463684e+00
2.090100279418563467e+00
1.149939811517086685e+00
2.429613766120505502e+00
1.420228637192155752e+00
2.076070414854132906e+00
2.349576571787439505e+00
2.138315188485242047e+00
2.401490536676652798e+00
2.484867830860474136e+00
-2.251415611821270257e-01
-7.992743112988749399e-01
8.040247158125120031e-01
1.455417756284060449e+00
6.623795663167336700e-01
9.846379397068139028e-02
-6.505779445053962995e-01
3.462731988783636083e-01
1.466443121559458218e+00
1.146367490352037111e+00
5.765516778783370544e-01
-5.647220363974772006e-01
1.199287847800792450e+00
-6.009154815044546183e-01
