1.920600982426809100e+00
2.061547136376492784e+00
-2.775714859924613975e-01
-6.508966049918112340e-01
7.825561674909179422e-01
-3.877158073374509240e-01
5.517179669376899298e-01
2.010915276865587131e+00
-5.785559899531633743e-01
1.908114201450089809e+00
1.481407891193359694e+00
6.801698896254843030e-01
1.774207612871610662e+00
1.570555548372460031e+00
8.039158997986228794e-01
3.304062435838477363e-01
2.660639127214603938e+00
-5.806202596764942214e-01
2.360195478498503530e+00
-4.034642261348080350e-01
-6.814162403240306976e-01
1.562087239909780489e+00
1.713128286178302817e+00
2.556896408665915166e-01
1.035054357937177816e+00
2.044873678574819831e+00
8.555670282586747000e-03
1.200005535544200530e+00
-2.686964203822717057e-01
5.163239181367633712e-01
-1.612905389721088767e-01
2.037408769861211999e-01
5.216295114429726487e-01
9.102432090795121722e-01
4.683837349751529544e-04
9.004675838989644188e-01
-1.421938739437422772e-01
1.852468912227675624e+00
5.052826306340519880e-01
2.515906095723325464e+00
1.105800701873731473e-01
2.171599954534470633e+00
7.385713425662607801e-01
2.092495956661087897e-01
1.371401646219746029e+00
-2.478068718040595808e-01
1.431134588838924859e-01
-2.344227634266775606e-01
1.982875182665611469e+00
1.977015656864354876e-01
1.567133190246865926e+00
5.994485781133255253e-01
1.167863952929783844e+00
1.489160445643170627e-01
1.897206185281785862e+00
2.447406747685071160e+00
1.610622573847886096e+00
9.255932947946357015e-01
2.098139299184774487e+00
1.244654587166794668e+00
-2.390537812723836364e-01
1.058266499326566246e+00
2.492443378200692283e+00
1.260284100426024567e+00
-1.359410483886180909e-01
1.517216947627952894e+00
4.893197447302933822e-01
5.262062690547526511e-01
1.920971831808050645e+00
1.153077684647466405e+00
1.812746160264644857e+00
2.215466246988532895e+00
-5.191111363842011439e-01
1.592767562329985065e+00
4.963005922641476886e-01
7.682642107747412741e-01
-1.948089421071934613e-01
-5.628103666375796621e-01
1.318457603067622719e+00
6.512559045598118601e-01
2.061995761297844565e-01
1.207285200052845564e+00
1.851140367431234335e+00
4.012338790505500796e-01
9.613829077285366287e-01
2.413968867457110257e+00
8.721647510161577577e-01
1.654102421366353770e+00
9.490766347230419342e-01
1.500265037373911259e+00
2.307790358557884947e+00
2.571277496826547271e+00
2.610482475877718311e+00
1.430585494333896923e+00
2.646362729602349084e+00
1.535600551362265254e+00
1.953689896572717410e+00
-5.980216065813737103e-01
2.220289778509401124e+00
2.240263547796203625e+00
