2.608334086835384369e-02
-1.928526908159255981e-02
1.643866449594497681e-01
-1.422794312238693237e-01
6.693501025438308716e-02
-1.103668063879013062e-01
5.723957717418670654e-02
-3.018687851727008820e-02
5.037913471460342407e-02
-2.481934614479541779e-03
-1.139308661222457886e-01
1.552459038794040680e-02
-3.816370293498039246e-02
-4.110528901219367981e-02
1.822119951248168945e-02
-6.403024494647979736e-02
-7.405988872051239014e-03
-1.173939332365989685e-01
-8.505848795175552368e-02
8.829601854085922241e-02
