1.211021319031715393e-01
1.828850209712982178e-01
-1.143356338143348694e-01
1.854921504855155945e-02
6.748645007610321045e-02
-3.301908448338508606e-02
-1.210781782865524292e-01
9.522543102502822876e-02
-2.265923842787742615e-02
-4.475412517786026001e-02
-3.397783637046813965e-02
-4.155572131276130676e-02
2.056884467601776123e-01
7.361233234405517578e-02
-8.147516101598739624e-02
7.488439790904521942e-03
9.341438859701156616e-02
-1.145027950406074524e-01
-7.121864240616559982e-03
1.012513116002082825e-01
7.432282716035842896e-02
-5.526137724518775940e-02
-9.456753032281994820e-04
-3.914060071110725403e-02
-3.865299373865127563e-02
5.807971581816673279e-02
-9.492662549018859863e-02
-5.904919933527708054e-03
-6.612262129783630371e-02
-1.521455645561218262e-01
-6.434134393930435181e-02
-4.843470454216003418e-02
3.767493367195129395e-02
1.149024069309234619e-01
1.718910187482833862e-01
7.977464795112609863e-02
1.448850780725479126e-01
-8.570605516433715820e-02
-6.194286048412322998e-02
-4.596318583935499191e-03
