-1.303978562355041504e-01
2.691302506718784571e-04
-6.483216583728790283e-02
-1.829503029584884644e-01
4.074145480990409851e-02
-1.554213315248489380e-01
5.116938427090644836e-02
1.121592074632644653e-01
-7.665286213159561157e-02
1.531757116317749023e-01
-1.403600424528121948e-01
-1.777471899986267090e-01
1.221174895763397217e-01
-2.770979329943656921e-02
3.656061366200447083e-02
1.091454550623893738e-01
1.289655268192291260e-02
-4.382547736167907715e-02
-1.678925454616546631e-01
1.060501262545585632e-01
-1.324602067470550537e-01
7.494029123336076736e-03
1.626508831977844238e-01
-1.282241195440292358e-01
-1.015921458601951599e-01
1.088220924139022827e-01
6.567902863025665283e-02
-1.660525053739547729e-01
1.258038729429244995e-01
-1.125019788742065430e-01
1.051384508609771729e-01
-5.599356815218925476e-02
1.615644693374633789e-01
-5.297655612230300903e-02
-1.535491645336151123e-01
-1.030321419239044189e-01
-1.248512268066406250e-01
-1.115387976169586182e-01
-1.871941983699798584e-01
-4.827731847763061523e-02
