1.222904392237038618e+00
-1.113210952850602897e-01
1.225688743011053017e+00
2.069558589483527555e+00
1.634194815499132591e-01
1.197490943413168418e+00
2.199654283214964590e-01
1.415779238046283917e+00
-4.626365088654977864e-01
2.604336613302369763e+00
5.988882567754880704e-01
-3.919084321387693581e-01
1.922607862809901924e+00
4.738681994012290399e-01
1.857404832546613038e+00
1.817757176793976193e+00
2.122001293467415728e+00
2.512208156270953729e+00
-4.652939804992874961e-01
1.393487787252833732e+00
7.186154339693865412e-01
1.540172474636894773e+00
3.198670404870904704e-01
-2.963276848824869525e-01
2.145706575175521102e+00
1.273287332607640376e+00
1.187125339958854831e+00
1.809698967274199433e+00
2.221065453355989483e+00
-5.848802048700807443e-01
2.249281988383974973e+00
1.303969728268089545e-01
9.028926414363189767e-01
2.511870516783758500e-01
2.406586052245343499e+00
1.325058208535270676e+00
-6.623661615875839903e-01
1.731432374232019900e+00
1.679244405978383980e+00
3.730120945422987777e-01
2.140673991091697204e+00
-9.976739161602909967e-02
1.983298030175737914e+00
8.662111786648782896e-01
2.143790596391706327e+00
1.316404462784322327e+00
7.062924330412352347e-01
2.710162358603071198e+00
6.541172511417092661e-01
2.514956684510394780e+00
7.012791747136566389e-01
1.051768135688000871e+00
1.427317233269215668e+00
1.926837569011769169e+00
1.264118412231617361e-01
2.529173755245527566e+00
9.371719529906092916e-01
7.401818397839360353e-01
2.379547522068820697e+00
1.828342483204732360e-01
2.725204313668396772e+00
2.548926810522416986e+00
1.706516580560230700e+00
2.664748207608762520e-01
5.176275407742692014e-01
1.102090327490687471e+00
8.559570566926920643e-01
2.307371111609316738e+00
5.003391444892385520e-01
2.657662608031382323e+00
4.961593641082849837e-01
2.723555018706518283e+00
1.081553840478404416e+00
1.884814569114401817e+00
3.300695161794133803e-01
1.910628581560495531e+00
1.824003107330040230e+00
7.447558359765442670e-01
7.743560096858671526e-01
-2.109641838507154699e-01
3.591761770325915260e-01
3.255718490143477695e-01
-1.790864805005283333e-01
1.498692389965036398e+00
-4.567249562988016098e-01
-2.631870671104368231e-01
2.577832603556193369e+00
8.794601873974128292e-01
1.471486915654281136e+00
-1.373488730826277759e-01
4.863497311878852702e-01
-2.647347313609325070e-01
1.435531560278922258e+00
8.312128875077170465e-01
8.481129071883144466e-01
1.730946639893449657e+00
-4.630603153119017268e-01
1.542121842930788134e+00
-3.236011898829160849e-01
1.207847871368029402e+00
-5.748185269549166421e-02
3.320581030804438116e-01
-1.732913154401338751e-01
2.657539953369023600e+00
2.264384704821378769e+00
7.190458633189296123e-01
2.639153556064005590e-01
5.324533503496997611e-01
2.633305900121977405e+00
2.626790396477545642e+00
7.433495491794703813e-01
-6.747419432995871436e-01
1.428137407191854447e+00
2.242839795247346224e+00
2.587040260545895975e+00
-2.075705096468563049e-01
7.646980145576406374e-01
6.803806557831159063e-01
1.080597582751305907e-01
1.008259210401456940e+00
-4.251245655877871066e-01
8.070424627692076580e-01
6.072937582310675708e-01
1.046852278523732194e-01
1.251265524186754741e+00
1.812191767599176329e+00
8.203036738111109116e-01
1.808065799219827241e+00
2.552308774036425643e+00
2.189979755485666146e+00
1.727334508846542160e+00
1.218168002625977131e+00
-2.816822442239266255e-01
-5.763529730470777768e-01
7.065456669586963612e-01
1.246564759900121500e+00
-2.411269556895923039e-01
1.069439922069429283e+00
2.408389339333769197e+00
2.311770290776552494e-01
3.636210542412099400e-02
-6.709705054541648117e-01
9.624805781912016966e-01
8.189630812620736222e-01
9.024940152592970666e-01
2.041120261435841243e+00
-5.560983095288829503e-01
4.645850512211977534e-01
2.197166025266736877e+00
-2.664582699946045352e-01
8.159037846554695328e-01
6.355367265346045791e-01
2.405696800520407574e+00
-6.664399854306619631e-01
1.551279775509490921e+00
-6.488595915784458601e-01
3.871613504204205469e-01
2.098135816074942817e+00
1.874909451666251226e+00
1.838149437060381253e+00
7.175012051269666902e-01
-1.516182669787569104e-02
-5.938494367961753007e-01
-3.276483552215783135e-01
3.688503133800312694e-01
-6.370894635486530344e-01
2.449614819280245825e+00
1.991115992473247998e-01
1.075325688237827038e+00
6.373408410204939312e-01
1.826295008928482844e+00
2.217547663341067121e+00
1.726165866552832107e+00
2.541303251390981011e+00
-6.825865065208840399e-01
-5.869366866026872742e-01
8.660494849959773367e-01
6.315295805846752319e-01
2.624793721517949763e+00
2.358652643153180684e-01
1.294709365814020963e+00
8.695279478032224008e-01
2.612039599297711234e+00
8.427090000787587076e-01
1.293836661547488331e+00
-1.989812148532230651e-01
-1.735871915195048576e-01
-6.504415747792120506e-01
-5.206662147578366984e-03
7.411420504411496690e-01
-3.198301841980530913e-01
2.080951877317147591e+00
1.787119401482464731e+00
4.993151933642662188e-01
1.333737213388432430e+00
4.874936797554776380e-01
-3.098039596611641411e-01
3.114675776904964888e-01
-4.235604019951111354e-01
1.409288354713917224e+00
-2.252811371774445792e-01
1.764733826336969180e+00
-5.394178808871965547e-01
3.836586954220284618e-01
1.406342347732323361e-01
-4.511637437472153511e-01
2.231414998435968577e+00
1.056808084452347529e+00
9.524568047540563631e-01
2.709742074897879549e-01
1.886913052782568823e+00
-5.269770544964664793e-01
1.702355810092607946e+00
1.936473587683746000e+00
1.903243641199120484e+00
-1.410271324536305215e-01
7.169091686138293618e-01
2.639373282631881867e+00
-2.732286866980382367e-01
6.783840571053667556e-02
2.263414623787319613e+00
1.325686640826056806e+00
-9.803075527161841940e-02
1.488942686390698933e+00
9.627772445455298200e-01
1.587409642765250428e+00
7.490190256843776151e-01
1.697328162646458249e+00
7.303951756651159144e-01
-5.805292751727524347e-01
-1.137261496396633209e-01
1.588221591536421728e-01
-6.429064503325758739e-01
8.999705648752138742e-01
5.343193060041999676e-01
-5.664954532140886734e-01
2.311878474117150972e+00
1.696322415357768287e+00
-5.886959388183616859e-01
1.638717609552155174e+00
9.731093179801595383e-01
2.482187414095238243e+00
1.790978274885799415e+00
6.116774298994882564e-01
1.871754987736421239e+00
2.316632242882293635e+00
7.841667798634035513e-01
1.287485587111721452e+00
1.418307498521941490e+00
1.330015165266695165e+00
-6.670143651415214592e-01
-6.249023678654914704e-01
1.005425049256559067e+00
2.714673262761587713e-01
1.518373953679613475e+00
2.576132617323865226e-01
1.635152278268425352e+00
3.454058610047849864e-02
1.632519966204118989e+00
6.730006173628878541e-01
1.489835533992569294e+00
-9.534966158794455637e-03
2.093669991284027532e+00
5.760589974256932200e-01
-3.572005989853639374e-01
3.700544434199297683e-01
1.664615105595860456e+00
-3.151101810513736723e-01
2.228379862153683888e+00
2.485919453973106208e+00
-2.474377031665209170e-01
-1.464254550425845292e-01
1.308514393633910977e+00
2.767005461029284907e-01
-6.879518969794140570e-01
2.681744030374794363e+00
2.222492247960060840e+00
-1.479792706317109019e-01
3.526755840063811043e-02
2.628659991641736138e+00
1.852958249948311487e+00
1.271449652866497360e+00
1.754796108487169937e+00
2.770930901110594258e-01
2.187702397762041784e+00
2.493385651251600610e-02
1.322457212910463253e+00
-5.241439907717282409e-01
-5.753620367894831666e-01
1.929005067678717378e+00
2.460061578497350965e+00
2.548160536475152504e+00
2.108270723370062605e+00
1.399520403187492157e+00
2.350526926969044528e+00
1.045315966695632204e+00
4.766040052343937239e-01
-4.642154194847030180e-01
-1.963684378553312015e-01
1.737001379012231617e+00
4.001209504559616326e-01
2.231633794578725905e+00
5.665174259323998429e-01
7.821651688387040169e-01
-2.563149253363874447e-01
2.917147016270345006e-01
-3.623381861198788911e-01
8.501958595230028060e-01
7.969032500265859076e-01
1.050673916645876060e+00
1.162611984154782174e-02
2.025849512971150901e+00
-1.552802717561898582e-01
9.804172199475490457e-01
3.960018670370992755e-01
-5.331637471774002268e-01
2.074107364796318187e+00
2.214077974137163451e+00
1.265111758139271236e-01
1.312235450676668025e+00
-1.404697612054612854e-01
2.479037015639511843e+00
2.295597422753228756e+00
8.648346157220994090e-01
8.872459657599746086e-01
-2.928345601705859558e-01
-1.572372010424909483e-01
2.653986618640910677e+00
-4.479952279440615470e-01
1.776780157336024679e+00
-5.165629393348127874e-01
4.334630982767286866e-01
4.336579161149217709e-01
2.683014609047610577e+00
9.365264343832315763e-01
1.163437770476923427e+00
4.008413914507465980e-01
-4.784547405866164116e-01
-5.674385065744900203e-01
1.730454092320274251e+00
-2.696662863508241248e-01
-5.592758510113848835e-02
2.583762969254633557e+00
2.531165386427412400e+00
2.089422678008869383e+00
1.623950448533146407e+00
1.428144814216108394e+00
-5.825524872729199721e-01
1.743564340858812400e+00
8.035472976826050218e-01
2.348890297968061258e+00
2.019298465967594325e+00
-4.922845290558737208e-01
1.825153698983612349e+00
1.689306230380648310e-01
4.282022257600415216e-02
2.940350187368763191e-01
1.502397593137174248e+00
4.998868084344774143e-01
-6.205039412661870202e-01
-2.591161420047114472e-01
1.582206133377631385e+00
1.504526256494527647e+00
-5.434617185584003085e-01
-4.637137478508155386e-01
9.972568775733404722e-01
-6.132539675489327990e-01
1.191001861956815677e+00
2.232012178725547802e+00
1.099109147144096132e-01
2.281252357733784208e+00
-6.043258046846493592e-01
5.629103715135315156e-01
8.377049779469076807e-01
3.539852727022279044e-01
3.249794231396906374e-01
1.508837981321969668e+00
1.244344318208682187e-01
1.744698335212920171e+00
-3.333168516676612292e-01
3.426484159599100243e-01
2.533690012745263509e+00
2.710773400835636338e+00
7.898513764568335649e-01
1.265265758972242471e+00
-3.072453263914973753e-01
-6.328966506682709436e-01
-3.704045051942612687e-01
6.512936014644055138e-01
-4.827035135454413872e-01
2.580093461008640121e-01
-1.040251825412930042e-01
2.708055703395069180e+00
1.984901848963451787e+00
8.188756242053130130e-01
2.666288002495767362e+00
-1.002860845224380348e-01
1.144291460399426086e+00
1.489004297172076052e+00
-5.099949812962236706e-01
-5.599849349111383212e-01
-5.479970511958847101e-01
6.256802642195864461e-01
-9.976179373958182772e-02
2.327684728668816483e+00
-6.471016432408720487e-01
4.195311542651875003e-01
6.203444307277178327e-01
1.001245502465709425e+00
2.693435108451422533e+00
1.347474700527676372e+00
3.252589947059506548e-01
3.156055464264768684e-01
2.603760877482059310e+00
1.537553068759424324e+00
1.633138559204883045e+00
7.646759267131848503e-01
2.539003905322543275e-01
7.586784037155877014e-01
2.648994654423926676e+00
6.587346434330758616e-01
2.373599899099786192e+00
-6.731264798161080698e-01
5.940569859235848016e-01
2.163420165112559523e+00
-6.815068518147027188e-01
2.278282175049128000e+00
2.489490421412060783e+00
8.150416362553245531e-01
2.530460557389044851e+00
3.594388658132470216e-01
1.180389654698181356e+00
-2.176963843392489828e-01
1.621326592082838136e+00
5.268052824936523271e-01
5.189939782709489524e-01
1.942694940902731648e+00
2.458967205525198541e+00
1.368921479204199931e+00
-5.517177753968847131e-01
6.647784645558716399e-01
-3.193945564412747906e-02
6.160813144809296205e-01
2.072481674218019876e+00
2.744188265370650637e-01
5.240608218895719261e-01
2.449751907335783407e+00
2.713851120367500869e+00
2.156293184180322342e+00
-6.171302426324998258e-02
5.470473946868782411e-01
2.640442158511508985e+00
2.535432761903606114e+00
1.383519312706220195e+00
1.507507765978798542e+00
2.078672184035201820e-01
6.373579459409189907e-01
1.476431213019659738e+00
1.253746151883729176e+00
2.417439623731505005e+00
1.148135763498166373e+00
6.506376685975380214e-01
2.457035921148798430e+00
1.684144834990566775e+00
-1.254507100407782350e-01
2.530100497514620628e+00
-1.419352989579611979e-01
2.439918160042910067e+00
5.252456663568587647e-01
4.006985928497066585e-01
1.107301417995138371e+00
-9.959710887290862402e-03
6.959693241461000213e-01
2.096137503483458175e+00
1.237541797291049184e+00
1.468576454354982408e+00
2.016008392643810154e+00
2.548657707152482743e+00
9.804589814998833086e-01
7.949811182537447340e-01
1.498301248914579276e+00
1.494823931974822440e+00
2.081396018406284298e+00
2.291863062322222255e+00
3.050300601661568578e-01
-1.601317196024201195e-01
1.576235518874374852e+00
8.092906405191820918e-01
1.896691262575856518e+00
1.087179234830124797e+00
9.276355499452564324e-01
7.804814866665451545e-01
9.682868230096960405e-01
1.450237139459292113e+00
2.620857387758926293e+00
2.188095543294408252e+00
1.421270003461230225e+00
-5.332978635984644278e-01
4.381981591072499072e-01
2.769694897405683420e-02
4.091040976370430293e-02
2.129402644298499681e+00
1.437236675682767695e+00
-4.125856661292444105e-01
-1.346040542887685376e-01
3.146713156081838436e-01
2.556220964455704348e+00
-3.036876296746460202e-01
1.277270756658825945e+00
1.806718242737941793e+00
2.037910937957114754e+00
1.575784186591747904e+00
1.442442564687403506e+00
1.745521074953937823e+00
2.618473894110950440e+00
-8.929462511483121645e-02
1.026010554779755113e+00
9.939992480611417047e-01
3.867471610411419292e-01
1.014069531375070943e+00
2.037504741239764883e+00
-6.134793768438906447e-01
2.309897799959689246e-01
1.743146864059823775e+00
2.449731383851627697e+00
-6.110514809121183610e-01
-6.779441166388366913e-01
3.473947945443407459e-01
2.524084998503723476e+00
2.252450321818544321e-01
1.235153819383792317e+00
2.565472988010248034e+00
1.305602877446816690e+00
-5.524408889263183742e-01
2.512754477791949714e+00
1.885854193655232880e+00
1.393629810587344142e+00
1.037935227659456006e+00
1.333803641264355910e+00
1.312380806556306734e+00
-3.565847150182124281e-01
-3.322735206379952011e-01
2.278685907836712765e+00
2.520072758465676799e+00
7.898442464184201040e-01
-1.170618365725548671e-01
-2.504401800333211359e-01
1.549688197668678047e+00
3.522615780173723454e-01
4.579288467921133199e-01
-6.860415160847890270e-01
1.459909562793828774e+00
-6.454290786055645324e-01
4.413876610331953776e-01
-5.570168977044074321e-01
2.328316208890851780e+00
6.104047783166386409e-01
1.118893220688681911e+00
1.385743812146512433e+00
2.210036996363724526e+00
-2.439853831685259156e-01
9.871875992088954277e-01
1.843877967312442578e+00
4.888125778835985535e-01
2.352531239414633824e+00
3.867193602556256993e-01
2.317637012001961594e+00
4.754097154480464438e-01
1.552236569988262316e-01
1.194045509148214945e+00
-1.510703352781295195e-01
2.684718433084206879e+00
1.791108959207761586e+00
2.610576199938740238e+00
-3.391378708393297803e-01
2.877209142938279562e-01
5.911155371252839741e-01
8.028625360856747051e-01
2.681464503536941990e+00
2.430507932531897008e+00
-6.827320882192726703e-01
-1.931448083512992131e-01
2.690687816305993074e+00
-4.150404648149701448e-01
1.690210488030457814e+00
2.645127214070956523e+00
-6.848370205996654470e-01
1.075137593842315109e+00
-1.742108264184956123e-01
-6.049565105298608803e-01
5.819861411006188590e-01
1.683658145589279620e+00
2.433188970984165422e+00
-5.176158561009973624e-01
3.482154340867723574e-01
6.993919989697383599e-01
-7.107352591579307877e-02
2.422148639843985318e+00
-5.962429037836327606e-01
1.162170972335931696e+00
1.475577482557356657e+00
2.721447248273305863e+00
1.033032669395632874e+00
1.680111563288050558e+00
1.833047920866704317e+00
-6.938207796353990098e-02
1.745730746682763179e+00
1.433646605149588416e+00
1.110270470944849652e-01
1.616835176883842928e-01
6.230251625378167013e-01
2.706196068217841422e+00
1.780330935771873513e+00
1.607116539702660996e+00
1.086648914003643496e+00
2.414078774087081491e+00
7.547894031820453487e-01
2.106013404650243004e+00
7.211777318993997099e-01
1.367028295889099354e+00
9.075656584299119922e-01
1.799354955725940286e-01
-4.398020147377894595e-01
-5.513537181978129809e-01
-7.841049172443503856e-02
2.428110040304531925e-01
2.289660268478800553e+00
1.148378874287779405e+00
2.286838351775012601e+00
-2.367443801661501812e-01
1.747607656126607623e+00
1.851847735963083386e+00
7.913617305288709325e-01
1.689659322122715412e+00
-5.013291928315548596e-01
1.734788198665436099e+00
9.663493211243360248e-01
9.770456649018135487e-01
2.701795098606650569e+00
2.533600997426590506e-01
1.384572196052908488e+00
1.071298337460598882e-01
-6.642543092772390523e-01
6.257980412367862844e-01
2.181340902936910187e-01
1.168795499047636799e+00
2.728939663228512114e+00
2.422657377820826241e+00
1.839834901879598972e-01
3.545032770054311611e-01
1.601879620612770783e+00
1.501815924839779104e+00
-6.100132711037347111e-01
1.338282183113816970e-01
4.666591676952158707e-02
1.963612047643852332e-01
1.102141781953837718e+00
1.543427547128820576e-01
7.758587579372442367e-01
2.370552941560151172e+00
1.081959530165978123e+00
5.130690874993923956e-01
1.941448473368045935e+00
2.721650940996186208e+00
8.703561486784768819e-01
2.434082601524862888e+00
-4.391863012530425880e-01
-2.950250587555287574e-01
-3.545463303582492287e-01
2.570544144084310645e+00
1.946698250270936237e-01
1.921648283285678493e+00
1.970102212518119345e+00
3.553850868522653306e-01
6.911082562219905689e-01
-3.983554879760893286e-01
1.547479260749443863e+00
1.814526162974036128e-01
2.441671611402073783e+00
1.768238584956642434e+00
1.114630991207594457e+00
1.182912943168723086e+00
6.039996143490973246e-01
-2.670923301733574284e-02
2.362769226979495762e+00
2.372835464869890165e-01
-3.374869078400304367e-01
-4.865738500135716738e-01
2.680648523213981171e+00
2.042885527439834981e+00
1.635815201605338443e-01
-4.652997755707488636e-04
9.540521695790208367e-01
1.484556463251164304e-01
1.553988437680636769e+00
-5.187689883676267488e-01
-3.619374252967766381e-04
7.653521225845900666e-01
6.514564116167210761e-01
1.968832382180117913e-01
2.525397294224426492e+00
2.229284670959377657e+00
-4.703107722904424914e-01
4.198755068913696542e-01
2.616912464896548052e+00
8.918683716572981535e-01
1.341915490652222598e+00
2.236296522642784890e+00
2.283769890590776175e+00
2.162378010794628880e-01
2.617447161926405919e+00
2.260386964352913530e+00
-5.717084557978147075e-01
1.083133802000792567e+00
8.865416721596963701e-02
1.174434823001937911e+00
-6.627389366491247547e-01
-9.279939608016940511e-02
-2.041491315446437582e-01
2.102354619440408579e-01
-1.002589789199694881e-01
5.564007440157321405e-01
1.373536693401811171e-01
-5.935519109338869281e-01
2.091413872052542366e+00
1.379677113933760246e+00
2.376444090861297154e-01
2.309701453146124184e+00
2.732599382869217663e+00
2.334480714985902594e+00
-4.475223313654783652e-01
7.471347187265491296e-01
9.066464213072717993e-01
1.529473907027645740e+00
1.023784173957171362e+00
3.040579808141601337e-01
4.633390453794339336e-01
1.701850402452298017e+00
1.285084496000859389e+00
-2.153274130792748320e-01
5.587999594550118188e-01
1.470554035881000754e+00
1.947919712276513060e+00
-2.025057062138471142e-01
2.104725819712851997e+00
1.980915194807364221e+00
2.158795569653819246e+00
1.750492873422882401e+00
-3.602506029985148572e-01
2.670283072977700733e+00
2.331538434917488800e+00
2.444694523292751498e+00
2.407558622838145368e+00
5.628994154754966006e-01
-4.616473585687910219e-01
6.147943973662948203e-01
9.612677394763557981e-01
-6.082936602092718914e-01
9.690561609201360227e-01
8.935482097861859874e-01
2.203557444408299482e+00
-6.762110111333048401e-01
8.898763888222431806e-01
-4.708848971526531368e-01
2.678433995285497637e+00
1.016088075714132621e+00
-4.192719225796159854e-01
-3.388453972213378851e-01
2.446218383697468468e+00
-5.633779311998354800e-01
-4.831681617750056557e-01
-2.191796876945173445e-02
-5.590517537912678137e-01
1.167954449016985308e+00
1.853176008328784041e+00
-3.429512557053486788e-01
2.610326584049048826e+00
8.273065315682233134e-01
1.603535453561404145e+00
1.159115872884809217e+00
7.478099380046568934e-01
7.368327440479778279e-01
2.418085619823453492e-01
1.790606873055837989e+00
2.522765495550565618e+00
1.637015770331107012e+00
2.052028667238676718e+00
-9.440450105928044344e-02
2.175963459210068507e+00
1.789444203814473999e+00
2.466353013847993880e-01
5.533348846025668566e-01
2.021991584976215783e+00
2.349168614373696062e+00
1.332362113371930556e+00
7.142334405791394003e-01
4.221004563858407055e-01
2.222003840379857209e+00
1.734916472844225233e+00
1.755726386060301181e-01
6.821930563794733615e-01
2.250086356461279191e+00
2.224654926797673404e+00
1.538861586330271258e+00
2.115377026454269949e+00
3.752730127641332736e-01
8.019392818838341208e-01
7.272648231224119186e-01
8.972563162362899858e-01
2.621342981514461989e+00
-1.625597172701853665e-01
2.159795085655524360e+00
-3.937650302642081712e-02
1.893043639440283421e+00
-2.103957983081554683e-01
1.112460545206673368e+00
1.333790255453212836e+00
-5.209704574642000097e-01
1.013342867083851795e+00
1.830597182734464479e+00
-1.368300454679172162e-01
-2.323533408797746613e-01
3.214938338056665401e-01
-1.660259606497536122e-01
9.046410416846253355e-01
1.167719504405279052e+00
5.465935883994337274e-01
1.628340269378956595e+00
1.023620496094643340e+00
8.796039042607830538e-01
7.998159417418762018e-01
1.599626654588804708e+00
4.809430703464667722e-02
1.898585804989783465e+00
8.632709073458513238e-01
-5.298013219622219605e-01
5.993052399639857697e-01
1.580318057475329940e+00
-9.570717345268398013e-02
2.178386096675279049e+00
1.311345671533832524e+00
1.220472584035319663e+00
2.597210804321678168e+00
5.500547565620522716e-01
-3.469361911170949497e-01
2.305888080788371042e+00
1.436226419973665402e+00
-2.195041834349220622e-01
1.170605848892596779e+00
1.054891377531204100e+00
2.540932688283721319e+00
1.600138824380842095e+00
1.520265756512593658e+00
3.421371146190100854e-01
2.204425979841641237e+00
1.819745814685618690e+00
1.643839892020991345e+00
-6.388427328790859949e-01
2.196485192598707226e-02
-2.707604555133038549e-01
4.650873432115677497e-01
2.240806263279554678e+00
2.352955279117169063e+00
5.872173140244498768e-01
2.258038367824301229e+00
2.537379917424344988e+00
-1.382485778502993146e-01
-5.948478138724500042e-02
1.388346146300865724e+00
-4.259243604785376558e-01
6.528235540132831805e-01
-3.294156077010230721e-01
2.647477553486252688e+00
2.487781296153640298e+00
1.540388535716873619e+00
8.546499399271768604e-01
1.092598249585732262e+00
7.911264448066699373e-01
-7.239991884374008535e-02
1.429761548979233243e+00
2.628581480004374527e+00
1.424505392473841781e+00
3.053991834969781438e-01
-3.126772373214592449e-02
1.240815526189688711e+00
1.681408290152072604e+00
2.163481803161781514e+00
5.933978759453444329e-01
2.309465367095816291e+00
1.213562205721439913e+00
1.476318780786445517e+00
1.546679006758672648e+00
2.477318282615262657e+00
5.589501501816922513e-01
2.031784127463200473e+00
1.838214912208715468e+00
2.691472692686316392e-01
7.164515267215618710e-01
1.659968653051674403e-01
1.769704694115098675e+00
-1.018590239517318530e-01
1.970045058585605524e-01
1.214231316375954828e+00
5.584075375090966631e-01
1.978731195461542747e-01
2.496898142924977915e+00
2.018448763163263937e+00
2.491639544963710762e+00
1.407589705254036927e+00
2.727775837617970822e+00
-3.624324766522033503e-01
2.232188416727185043e+00
-3.009347035166405337e-01
8.025780035861391770e-01
2.132282675718404796e+00
2.575843268376269979e+00
1.862410228721744776e+00
-6.403990189660553334e-01
6.840453089616227444e-03
2.547778409903942887e+00
2.206807360953185970e+00
-2.694523615865278554e-01
6.484036713191103640e-01
4.906892954033779120e-01
1.715840395920022576e+00
1.686094702931021372e+00
4.277365071710448330e-02
2.511447766920820612e+00
-6.924444715645028392e-01
3.460635665898005309e-01
2.083105840962111266e+00
1.932088184012770160e+00
1.842913847284575191e+00
2.282111377565532173e+00
2.254615490426030711e+00
1.223124946524301482e+00
1.215724224785984742e+00
7.957663817146412022e-01
2.077752000363118245e+00
1.152879926867004912e+00
-6.100422216742582560e-01
1.865328088108939131e+00
2.624162291646170875e+00
1.158818077480107345e+00
-4.290893939867375106e-01
-7.802101418245288578e-02
2.460655453130670800e+00
4.061553805037249054e-01
2.141380049147016962e+00
-5.573172562496713223e-01
2.402509249527350121e+00
9.091033352302501092e-01
1.067494763786048129e+00
1.857351289308374342e+00
8.409250413092070886e-01
2.619279931927798621e+00
8.304111810761465318e-01
-1.770812607393732474e-01
6.552393600851880162e-01
-2.409986098701917268e-01
1.128052432026075635e+00
-3.670625978376520493e-01
-7.822714314797618584e-02
4.973229728441546094e-01
1.243393404108074751e+00
-2.702570853003738449e-02
6.792743446791809081e-01
2.731678051618470437e+00
-1.235102395100997619e-01
8.174571600168989427e-01
2.106581684643872521e+00
-1.711671563749748159e-01
7.121599269873272187e-01
-5.195309770052878307e-01
2.475811099345677224e+00
2.378553733410223359e+00
2.566764571349601454e+00
-4.987126736613529676e-01
-1.352391866332083303e-01
-5.191023714834084313e-01
2.066855267923697781e+00
7.824275094848265333e-02
1.157572913026571948e+00
8.051142294989739323e-01
-4.140305759190547885e-01
4.199112654541774514e-01
7.180543966029584446e-01
3.412561810367393811e-01
4.064631372698863654e-01
1.595771228566308819e+00
5.288036275304822675e-01
2.283294538025439913e+00
5.293761629154982717e-01
4.147323533300183440e-01
4.302578115029653816e-03
7.398403341983803561e-01
2.347368584924267143e+00
1.826142497967616407e+00
1.907582200996437605e+00
2.494239631671645974e+00
-5.346633402634066723e-01
1.932427123073562347e+00
-1.983411922983022713e-01
2.604826306887472853e+00
6.028810908395332291e-02
6.861019477521773657e-01
1.692277118274255088e+00
2.091438805996538974e+00
1.886252037151271654e+00
3.784020994022098128e-01
6.515049929172701537e-01
1.007564979813124095e+00
-4.199556923475751269e-01
-2.825304375381134658e-01
1.652865780141806740e+00
2.359327209993860919e+00
-3.631220840277611384e-01
2.606738377184691036e+00
2.410409877296318726e+00
-4.746940867642079898e-01
-5.327738994637944980e-01
3.635121655485238357e-01
-3.760694648853242228e-01
-3.687466877978282653e-01
3.432920542088707672e-01
2.680610451580179188e+00
3.009555079286690971e-01
-3.577577313234101553e-01
2.242866955159337650e+00
5.581723527270383567e-01
7.545385222478796505e-01
4.014932875145327262e-01
-2.782111795282125044e-01
2.288060391560181372e+00
1.287028840824927745e+00
-6.160371031855633728e-01
-4.426506464143709074e-01
-2.412609679258603812e-02
1.591977847237574295e+00
1.868953483260536785e+00
1.483908689086239407e+00
8.463533761801023125e-02
-4.576596795280967189e-01
1.263255408066139784e+00
9.713591149641281897e-01
2.568730965880017703e+00
1.692702410396608403e+00
2.356555030557363484e+00
1.213466693338521418e+00
1.148994727947975303e+00
1.262966324425278009e+00
1.053683683624165868e-01
2.045941972999456571e-01
8.286900830158597797e-01
1.092780467405810363e+00
2.109192354118822887e+00
1.015548115590928502e-01
1.967450395165592170e+00
1.127363176190416816e+00
1.443009392391626511e+00
1.306743211495544177e+00
1.648837417986379172e+00
2.214806115032437184e+00
1.886849779027047092e+00
2.705208677930738936e+00
1.218433350435895735e-01
2.008312090090773161e+00
1.826376482512412469e+00
5.510645961375728596e-01
1.718826757289125151e+00
-3.581742024229512822e-01
2.527734460800362903e+00
7.561866024114551887e-01
3.603150584267057477e-01
2.159739343046585436e+00
6.669120079830619385e-01
5.005030073551557379e-01
2.691587424605573098e+00
-3.871870611226373438e-01
2.281231066223904591e+00
2.553673434289263966e+00
1.059205400434854560e+00
1.964115102864290030e-01
1.949213358459991330e+00
9.433798121366201439e-01
2.586695363460200348e+00
3.041250051013594247e-01
-3.438505637902973255e-01
1.417610126081546351e+00
-2.824192782577137351e-01
2.641216957217446648e+00
-5.914830049056913897e-01
4.698953750388439321e-01
-6.921727720828245722e-01
2.649406144367874916e+00
1.605024554866555597e+00
1.068313793389978450e+00
2.097286232253082972e+00
8.577466698129051492e-01
7.028775090409737913e-01
-1.066797072769121169e-01
7.445205810687880454e-01
9.414724962695516508e-01
1.512315778952496359e+00
2.308778785878626394e+00
2.545820136425437141e+00
3.522618575954601372e-01
1.726391470080609558e+00
-2.271760055335898532e-01
8.764025502905443687e-01
-1.202288779636193627e-01
-1.096076520570001822e-01
1.962387407486773094e+00
-3.377141479584706563e-01
1.742741342719853037e+00
-5.982656065246636512e-01
6.338015517058906978e-01
1.665457399352504364e+00
-2.977794249095744306e-01
1.761209260366728424e-01
2.074703647187535971e+00
2.635080754682541215e+00
2.622922150158329746e+00
1.759057303366474034e+00
6.538410414878006449e-01
2.473195666350918920e+00
4.737359224700740112e-01
-3.747095415230909943e-01
9.604371822779639301e-01
2.641297604849709435e-01
4.640945491771991671e-01
9.851253559718334829e-01
1.444923932439177827e+00
5.973273216997614377e-01
-2.003253320351745526e-01
5.360766752409948932e-01
-2.835934010826159923e-01
-5.844884934351302075e-01
-1.805109196149417006e-01
2.152550174320417398e+00
1.580167847513240797e+00
6.881410289510898615e-01
5.461674348183981342e-01
7.486743799227572049e-01
1.342455166374327158e+00
8.038314621387625536e-01
-3.280231938204274389e-01
5.691620846557021718e-02
2.040584517690242627e+00
2.388129853071115249e+00
-5.258926535685113368e-01
4.722164331345063415e-01
2.166603175491087496e-01
2.248781921874096312e+00
1.085156118695588923e+00
1.801834944679110428e+00
1.192314593006123413e+00
-4.281274425850631893e-01
2.075348105818256350e+00
2.217505917505525836e+00
1.022860464280331616e+00
3.963919648022585784e-01
1.551439742075544359e+00
3.700221785324375734e-01
1.382860953316441543e+00
1.232191958921800001e+00
2.033215774692250122e+00
1.292464633048265421e+00
9.676957913467781891e-01
2.649593280248323524e+00
2.305347902784766312e+00
7.515321915572402700e-01
9.476082860210346404e-01
9.078323641281146328e-01
9.236986661327880599e-01
5.922340736145583762e-01
2.398173193049267127e+00
7.704331887522160027e-01
2.393287272689359924e+00
5.540599815930210559e-01
2.019861694551845943e+00
2.286026252035807449e+00
2.145118453939706349e+00
3.857216498216808898e-01
2.276720021231348312e+00
3.158688619874783221e-02
8.288491870685034124e-01
8.958056210532880925e-01
-1.544882462509100662e-01
1.245984136904545236e+00
5.709459200112386723e-01
6.759819376524186518e-01
1.165126231855641015e+00
6.321095201065679570e-01
1.939146197664203264e+00
5.055551503498079136e-01
2.697090548968678725e+00
6.982407733661784022e-01
-4.607589716762434673e-01
-1.413782717614318063e-01
1.626792014783976059e+00
2.202347732931610569e+00
1.181186121656641275e+00
-6.534721985520672849e-01
-2.554009400099301885e-01
6.358327120729139192e-01
1.370555724435999601e+00
-1.486355659318148170e-01
2.287613392900121667e+00
2.710334818914170718e+00
-1.432208643005232762e-01
6.167038580283124016e-01
-1.791994158501755141e-01
-2.781138503084812363e-02
1.373942026102175751e+00
1.152806485060522412e+00
-2.781986546050640996e-01
1.622716058218253377e+00
1.750733244189597304e+00
-9.390497242675843736e-02
2.632834755210722300e+00
1.683443655258919369e-01
-3.202583194791841503e-01
1.415575628706974287e+00
3.110246958565575648e-01
3.699646849539502957e-01
1.329488143401537315e+00
6.293015234070994390e-01
-6.434965875177405259e-01
2.312717327110852317e+00
-2.162321555144310903e-01
1.569141009155738953e+00
1.561219652921980172e+00
9.792196194729992920e-01
4.714971910059012616e-01
-1.772877540731370161e-01
1.150397750758791915e+00
1.281812738325215140e+00
7.605130331527790721e-01
-5.936517121290076915e-01
-5.247961994483574255e-01
1.222906685419331563e-01
7.403531857950893524e-01
2.038992069016924980e+00
-2.306120494647356800e-01
6.754241969105998500e-01
3.803877150926182615e-01
1.739610238036284340e+00
4.570582528712374693e-01
-4.225066497894149897e-01
1.255896726165622646e+00
2.611632107120852808e+00
9.118289544631014154e-01
1.193311935972160454e+00
1.477835848835876487e+00
-2.035699903936776245e-01
1.432881761231191042e+00
2.014443905914365951e-01
2.299948051555743334e+00
1.964937697480786394e-01
-1.682413180900650396e-01
2.224005673674648520e+00
2.328337648640235180e-01
-1.210157277572636580e-01
7.132929608036184810e-01
1.818152055697264569e+00
5.142766685245070413e-02
2.231899400885452023e-01
1.912143556146587153e+00
-3.383988401056339246e-01
-1.340561543600040650e-01
1.595778854320423434e+00
7.532356426120495607e-01
1.450982190272303685e+00
1.801434520916099125e+00
2.324174417047810248e+00
1.533051940757030662e+00
1.943243146201114824e+00
1.649426313753815432e+00
-6.912911770966303493e-01
1.585535084016023832e+00
2.555570758978757517e+00
1.203402655603705185e+00
1.452801747541702548e+00
5.844383233573509084e-01
8.356292295973690720e-01
1.777344588307679052e+00
1.159963887647270653e+00
-4.638156705320908291e-01
1.353797350743818129e+00
2.405398714760202949e+00
2.043395242903312869e+00
-2.470883571413473589e-02
1.501688018450876072e+00
1.044105489278436272e-01
6.918999431368856312e-01
1.784445212005790982e+00
1.440467068643032089e-01
7.769791583285490244e-01
7.965773716497448476e-01
5.689460240077937048e-01
-2.016382618613892230e-01
8.175813054333378460e-01
6.863081774274122360e-01
1.231728316753462060e+00
9.686910135460572446e-01
3.439518840920601228e-01
1.045334316807403185e+00
2.357282278892031790e+00
2.067756054263665266e-01
1.908270378706229398e+00
-6.050422916333781931e-01
1.830052110985489033e+00
6.974097332936561866e-01
1.237407119949498924e+00
2.243049594790181178e+00
-6.359546301220646569e-01
2.314459695874552025e+00
1.035331854609064628e+00
2.710035814590612269e-01
1.680877750386070790e+00
8.909559773869270005e-01
2.628439356532012994e-01
5.000473030792251805e-02
1.456532594303219685e+00
-2.041421664210218978e-02
9.155963400728610591e-01
2.037403080733547256e+00
1.909975042993326433e+00
1.180528003114885038e+00
2.474437405705486093e+00
-3.705755453473538186e-01
1.765284153630311881e+00
2.199097267172398062e+00
-3.267763350231587260e-01
2.465141877071718834e+00
2.171364238864597951e+00
9.406784370584049260e-01
2.454550982223853595e+00
-2.689187330304507739e-01
1.201175855251065183e+00
3.995038049744881192e-03
4.547424668972224193e-01
2.010437019539260461e+00
1.835852805132024201e+00
8.441677835713100597e-01
-3.539356672835494155e-01
1.501583830578961720e+00
1.801094109017157940e+00
-2.297777268705218923e-01
6.427420551206606270e-01
6.807696169601658021e-01
-4.520129437617819157e-01
6.718868432174767147e-01
2.066950221318221814e+00
-1.548230350012878009e-01
1.553487444468714340e+00
1.705184075622661277e+00
1.520871585039237139e+00
2.002995744156849334e+00
3.019784433947599878e-01
-2.362348440902148905e-01
7.550693587813568364e-01
-3.740049510270042621e-01
1.773746339619688417e+00
2.138130952788275696e+00
-4.632278061481938103e-01
-4.568503206842420283e-01
1.572013626860771174e+00
-2.102183210095065480e-01
1.508955448195235860e+00
2.362452007729226811e+00
1.811755704688925439e-01
1.373496470531414770e+00
2.519299045868988784e+00
1.623773780775367381e+00
1.518651363128532328e+00
9.151409525259623923e-01
2.183738033321710681e+00
5.355169517831026571e-01
2.618846804343306189e+00
1.684337493255905649e+00
7.396551990720838798e-01
4.963513930604960267e-01
5.648463727527375244e-02
1.015181033611065597e-01
2.039635226344974406e+00
1.357596276028532278e+00
4.485276141912040160e-01
2.125225304660770753e+00
1.271776137074009272e+00
2.109279359814026034e+00
2.140003038347983555e+00
-5.013352273799118741e-01
9.968590130055676735e-02
-4.524742272412756172e-01
4.320865201094652441e-01
1.945175244183759755e+00
1.085467014658488827e-01
3.949739663977680504e-02
2.462932299758774590e+00
9.540048417901249023e-01
1.435324459559021770e+00
4.173878286587773268e-02
2.323504286577852795e+00
2.284096317042886959e+00
1.831505990847972720e+00
2.139774639032039794e+00
-6.390455576436191443e-01
9.089372087946135936e-01
1.823513120683963429e+00
7.200172159617626022e-01
1.835514670381585445e+00
2.364325911208829289e+00
-3.549693426369393556e-01
2.175790801480282255e+00
1.263289309503664803e+00
9.048348042551970227e-01
-4.628187704577291228e-01
1.888429437097460362e+00
2.497444476980571260e+00
8.267475611238164213e-01
2.011778973108224733e+00
1.129749272279626293e+00
2.181270443238900292e+00
1.102529357889416639e+00
-2.465269261526670252e-01
7.031613319710587895e-01
2.276220212506927520e+00
1.762301225651390801e+00
3.989058746119422683e-02
2.653201792430661676e+00
3.501995747421704497e-02
2.878666350275439489e-01
-5.725585828835881852e-01
-2.093555439543162144e-01
1.018235618229701656e+00
1.029144913944863404e+00
2.226857172040540789e+00
-2.363806603126263894e-01
2.204045847679648062e+00
2.347949433698650168e+00
-5.013868912732175609e-01
2.419153948640738516e+00
2.598392191847553878e+00
-1.241723451427358960e-01
1.186379331393034420e+00
2.040309670923372565e+00
1.208807472428828689e+00
3.200943951858936654e-02
1.526434705595545172e+00
-1.551099819340355790e-01
4.335456247177640332e-01
1.403839891059976752e+00
5.620736891251276734e-02
1.824058829893793421e+00
1.631487905036935526e+00
2.633564880508642236e+00
-1.468899327395292165e-01
2.686980852780533446e+00
1.943436813883330228e+00
-5.533683886294604726e-02
1.680886589083221194e+00
1.324016423022253974e+00
-5.870023626767442160e-01
1.998151205763993410e+00
3.497628273146677902e-01
-9.860527256340034796e-02
-2.118081551627450931e-01
1.504319099327483311e+00
2.361862841544520641e+00
-4.668884358363496467e-01
1.006590514549778215e+00
-5.708375975241868350e-01
-4.822895607056569833e-01
1.329439080154772412e+00
1.049305480275128044e+00
8.124909925841187208e-01
8.700699077220968025e-01
-6.217826130278796271e-01
-5.301067726665400492e-01
6.065028916960348848e-01
4.314865021026303982e-01
1.987590016626811451e+00
5.478387586790152142e-01
7.647436554236007877e-01
6.327896279647847733e-01
2.664398007770668375e+00
2.670723945345362615e+00
7.620347152305718685e-01
7.646417413881513303e-01
3.319374204990190869e-01
1.539482786144314774e+00
1.545385306773666922e+00
1.411383138113209368e+00
1.955676123129062249e+00
1.953300270227493751e-01
1.790054626268542615e+00
9.467718206811204240e-02
-1.147675114862312107e-02
1.482424355368626490e+00
2.444618449300430818e+00
-4.150750840048749168e-01
1.522906131294372134e+00
2.618463473432074196e+00
7.719071694175629883e-01
1.133701339919546358e+00
1.189132193234065937e-02
1.435506178157551993e+00
1.234437385903741191e+00
2.390678298170915372e+00
2.166836376396108044e+00
6.487753953667600992e-01
1.923117573636162980e+00
7.617776140670251550e-01
1.028271882268992909e-01
2.637527812031352337e+00
-4.453119844806829875e-01
1.995880323843486348e+00
1.371313853222853041e+00
4.579268673325772587e-01
-1.075995092159256483e-01
2.654904751579667099e+00
6.379623141132320097e-01
-6.814199660702027206e-01
2.407138741112769154e+00
1.487512371674488243e+00
6.245322779104924837e-01
2.532504641304415216e+00
-4.983180124554174029e-01
2.074819539071292240e+00
6.688983215593579112e-01
1.053733507506490641e+00
5.014053309284950410e-01
6.780416517821039601e-01
-3.775346288255012617e-01
6.476433693586725049e-02
1.373705100969779602e+00
1.301108757820244044e-01
-6.726228287872833000e-01
2.640353310232877337e+00
-4.615609271167908645e-02
1.293361659068708480e+00
1.732090153983037339e+00
1.373364269766916390e+00
2.309812029907501785e+00
1.614685092513153286e+00
9.720350397273869181e-01
2.153319498034837132e+00
1.207910564806576215e+00
-5.797563561744583094e-01
-1.095274320783543587e-01
1.543220719691532850e+00
2.313519496399387698e+00
-6.456363076879245710e-02
-4.779892588980128032e-01
1.554387223159668041e+00
1.264806543687575502e-01
1.420778466051436650e-01
1.493345484062459594e+00
3.231082411092233153e-01
1.078523082902199670e+00
2.215863002468982934e+00
1.122426361588677590e-01
-5.690255258517609160e-01
2.385425176500707956e+00
5.575562581355288927e-01
-5.287669700368167192e-01
7.282672037504169804e-01
-2.316558328066091743e-01
2.065822654173977480e+00
5.192634862069249735e-01
2.233045978172875756e+00
-3.790978978938632782e-01
2.392009003845254167e+00
-1.354019715215692976e-01
2.094496485613595027e+00
2.403282736925568264e-01
1.702305158413984110e+00
1.403581889233317614e+00
2.542451116009386780e+00
2.340182789406799024e+00
8.165167612542985065e-01
8.817994288586077367e-01
2.631965569748152323e+00
5.677147676288172296e-01
-3.524271326103600721e-02
1.169231468612932368e+00
1.843690549239380250e+00
1.202507823711088442e+00
1.793575573889493846e+00
2.510749116865135910e+00
-8.006576608198745504e-02
2.315378701084202628e+00
2.426000705153445125e+00
2.660341284645229010e+00
8.434891042657605142e-01
2.293750222635431157e-01
1.701208514884560152e+00
1.677788000681522451e+00
8.521773271292327756e-01
2.564300085752176273e+00
5.517525786356479722e-01
-2.299934077092731233e-01
1.554336587153493543e+00
1.673422747694444990e+00
2.149135659624309191e+00
3.898379278890231614e-01
1.335531473370928923e+00
1.157265071825287484e-01
2.145717527822685877e-01
8.325103907226319988e-01
2.670249962760153917e+00
2.264046585962701919e+00
2.365707856936146047e+00
-4.061026582332427637e-02
8.053226595826745715e-01
2.405289729404068488e+00
7.339478566870969445e-01
1.982238166812734459e+00
1.627280486187134390e+00
2.046342990709239196e+00
2.645651235769169940e+00
1.512944806638267359e+00
1.738424638362049635e+00
-2.948438417014087598e-02
4.886895781759862389e-01
2.202401936290321327e-01
1.674494304732783156e+00
-6.846116320774742192e-01
2.512995157964319048e+00
2.730878432464471928e-01
6.990341696683026740e-01
1.333884868093832221e+00
6.720622308092309982e-01
4.879185100842214906e-01
6.312353021768801753e-03
9.448756811158187663e-02
-1.460271200359142263e-01
8.562811069726873336e-01
1.116271536398815156e+00
1.277693993425568886e+00
1.285924534884444581e+00
1.208791891696477716e+00
2.322177258618850715e+00
5.783526088412587196e-01
1.468688904123210737e+00
1.789827203348425044e+00
1.418783041483498764e+00
1.740310597259321579e+00
1.724644330828425165e+00
1.820551920806845470e+00
1.435511896837685875e+00
4.005893376355306179e-01
2.653617491028661846e+00
1.557660271631150506e-01
2.527076680066933978e+00
1.285362322885525321e+00
1.229619253867374917e+00
2.004457742090613781e+00
1.795305304176405770e+00
-3.234166249708232410e-01
1.668464686813803777e+00
3.569784166333960229e-01
2.097508914970035221e+00
3.889513677358379384e-01
-3.260033962832253884e-02
4.974625088969953923e-01
6.574708409441036849e-01
1.582955197723638019e+00
2.687852539578387656e+00
2.635136373263156084e+00
-4.579457914762412596e-01
-2.153252100212239561e-01
2.313375428036982040e+00
6.662135577448644597e-01
6.234962593338655434e-02
1.894520315039184721e+00
1.879587801729847962e+00
1.485359930798489936e+00
6.644193125260167143e-01
-3.244498121780199362e-01
1.376167158000459079e+00
1.230626928398603326e+00
2.121795725811527866e+00
3.372395884316004011e-02
1.346836688735460585e+00
-1.693595341047577918e-01
1.383312430402035886e+00
2.154115185093592899e+00
1.506137417917940091e+00
2.676173888717079841e+00
1.229365133545059718e+00
5.409461063929108526e-01
1.824814490380182619e+00
1.330563225579497910e+00
1.722540118786070940e+00
-6.137288944628092047e-01
1.497927629998148547e+00
1.909019702029220111e+00
-4.066892553110370567e-01
-5.558722729355058956e-01
1.763900898618232960e+00
1.195456841656743707e+00
1.040317415508447807e+00
1.853435246773065259e+00
1.503905412625534233e+00
-4.231115248930406025e-02
2.502820365984928852e+00
2.253234933009760965e+00
9.972104546959070781e-01
-3.424044153806771185e-01
-3.157078277633380559e-01
6.109638711379740128e-01
-6.548051189704080510e-01
1.216642522135651383e-01
2.508519396127744105e+00
-5.246940075313544227e-02
2.608163176632445790e+00
2.260261821919625547e+00
2.587123832636908816e+00
-6.683119449313978944e-01
2.605958767345482041e+00
2.223291731893911383e+00
1.818388525847733472e+00
2.692373610059411781e+00
-3.042458060220174509e-01
2.878625461677541963e-01
9.533615373809951610e-01
2.585493695202223829e+00
1.189740234251294160e+00
2.538728869792219900e+00
-3.681007532669260396e-01
2.541063467335081150e+00
4.226449655432776842e-01
1.472513774511525320e+00
-2.479343561064175638e-01
-6.234423987463100225e-01
1.397033114036050350e+00
2.483675450937248730e+00
1.523710934614556312e+00
-5.923426438451249165e-01
-3.762336972765791820e-01
1.611977897426953854e+00
1.043895453805668616e+00
3.637887049546603135e-01
1.357930645546508774e+00
1.798678731750767090e+00
1.608912807902075581e+00
1.140546606708379151e-01
1.113784141962494090e+00
2.113701077731675149e+00
-3.729261526920166769e-01
9.946929960140401539e-01
-1.653790858408037412e-01
5.716058785234454653e-01
1.242553163398993910e-01
2.662960831150730456e+00
-3.067044711973268001e-01
3.798687491124239646e-01
1.976747769401550503e+00
5.420938502246976931e-01
-1.428902244989327386e-02
4.157298004086652510e-01
2.378123564987710381e+00
2.641232192301544046e+00
2.140489575635465158e+00
-4.360650909944445708e-01
2.447890629580165900e+00
4.392542395769633012e-01
2.918023052120940486e-01
2.247876485482929176e+00
-2.118935025043255926e-01
1.203405007521153980e+00
2.556279113353122412e+00
2.117982127816396165e+00
2.083961717576996442e+00
2.093347287356387643e+00
2.729639626150340170e+00
-6.098125427831422307e-01
1.056212831033886523e+00
1.358546598371864755e+00
1.974852073785057227e+00
1.514700568187251406e+00
-5.782468234732764945e-01
-3.813751244865419832e-01
2.687189917524914762e-01
-3.675802904565428353e-01
6.066804045912417287e-01
1.219166118625923279e+00
1.082263462724305070e+00
2.049134209900233650e+00
6.988452588922438036e-01
-2.151534553289042861e-01
-6.711406242779371922e-01
-1.464686195301492244e-01
4.436174934044549989e-01
2.555774051596133578e+00
1.130911261875138463e+00
3.799104832624583539e-01
-7.703525933577171081e-02
1.999065003562929599e+00
-4.607907247146978413e-01
1.347518181110030078e-01
3.557600629461666886e-01
2.730705159392206482e+00
1.307280106948507603e+00
2.454844698897820088e+00
2.374322786368627369e+00
2.713548792178660740e+00
1.237422794916067215e+00
2.302569617413634528e-01
4.256173536046681249e-01
2.327928762975580490e+00
1.201006132086744227e+00
1.086236517159943293e+00
7.333162562239923243e-01
-4.339583254633239129e-02
1.972143429294848094e+00
-2.128195418274336781e-01
-6.328352607590741474e-01
1.566978671567300641e+00
4.811425585649239389e-01
1.209320682880595355e+00
2.258219004217103532e+00
1.684640191004190823e+00
3.055767789310053217e-01
-7.880755373149606058e-02
-1.018641575681078493e-02
2.555901065975076492e+00
1.341638181309378286e+00
-2.901800123157844968e-01
1.850520748331123011e+00
1.324381039762675627e+00
1.940378164762364799e+00
7.970218943009943491e-01
1.165388625797080691e+00
-5.037985205586084092e-01
1.634472832584656921e+00
1.585407731875478898e+00
2.400110492801876383e+00
1.541587255151197100e+00
2.214647153662860468e+00
1.907914961024435030e+00
-4.164130318708265666e-01
2.152491181788641406e+00
-1.668991199673179882e-01
5.893109433747152348e-01
1.907249063583551063e+00
8.743903543806045287e-01
-5.461370190258325596e-01
-5.061446883697031662e-01
2.144190341266408506e+00
1.880934326667338841e+00
9.533537745956940368e-01
2.494605662049009798e-01
7.411665757174235036e-01
-5.605591387324710961e-01
1.877011334863232905e+00
2.304161961639898948e+00
6.078048888322145071e-01
1.677828479119373606e+00
-4.963172569680940338e-01
2.404769757804103847e+00
1.893183897011650352e+00
-5.193013862332205299e-01
8.144047980016391186e-01
1.004042893577825613e+00
-2.010330510036222318e-01
7.878676037259690901e-01
2.945838140405718786e-01
1.361154002149122189e+00
4.374981925421994600e-01
1.348898760849836620e+00
2.004119208829826526e+00
2.243972878664082682e+00
-5.112065747053708975e-01
5.091230974167928469e-01
1.487023841330776364e+00
1.897955225078364894e-01
2.024567951045439518e-01
-2.290823976222848835e-01
2.373424864188754313e+00
2.214102798352315382e+00
4.820695368425476079e-01
1.891365741860827843e+00
5.058170399462231792e-01
2.433173706300381767e+00
2.440325565363417937e+00
1.609409757369826721e+00
-3.696266105874057573e-01
1.585932745503024766e+00
9.184833754713751519e-01
-1.704334896275265798e-01
-4.343903903702932556e-01
9.850778334676567605e-01
-1.618359555275978856e-01
1.112731563606719654e+00
-5.282882468932377229e-01
2.484229269588015931e+00
8.769253169386003188e-01
2.664456125773003059e+00
-4.431047573122512961e-01
2.721151701860113015e+00
1.713330443999648178e+00
1.874470231479816507e+00
-3.090787254189297784e-01
1.878446899871001108e+00
-1.686331661176474483e-01
2.330871296317505781e+00
-3.997400234193377866e-01
4.285547199782108185e-01
3.560883630845780301e-01
1.918210601609952493e+00
-2.798458526585978490e-02
1.776321521263983794e+00
2.532386440413720408e+00
2.269791650136693262e-01
1.327582331539896021e+00
7.839209469671366559e-01
6.849549615896712851e-01
2.473312247277908327e+00
1.909869373466828835e+00
-3.601536756065084610e-01
1.357238516510936854e-01
-5.707983904735414171e-02
-3.289907454000884357e-01
-2.386054131566761605e-01
7.757679713534539889e-01
1.087962934955477134e+00
1.827683088442491499e+00
1.951375344821341118e+00
1.401014874117826103e+00
1.419442134963942559e+00
1.373409331854625437e+00
2.382486477146888326e+00
-2.767398765571367214e-01
8.359171160320097993e-01
2.189750761119296563e+00
2.032656529428165548e+00
2.319244855600381072e+00
1.126123692791667352e+00
2.344001661314763396e+00
1.136682353004375479e+00
7.294506510375254882e-01
1.768770045130241275e+00
1.864489289310379050e+00
8.756629432073171904e-01
2.623582325605379850e+00
-1.855401153803946102e-01
4.636940954283139682e-01
1.321633970510972311e+00
8.001758934466376427e-01
2.128561237304627873e+00
1.644010818165774657e+00
1.915543858391945298e+00
2.197864084624913339e+00
2.477102443507083196e-01
6.590153567357576181e-01
5.616019826927687308e-02
3.580032636731899087e-01
2.495111525109980022e+00
-5.956446897552316599e-01
4.226301661273581534e-01
-4.182163591424814530e-01
-4.652786855982578018e-01
1.364276626448203800e+00
1.779459535411469506e-01
8.629054971634202431e-01
2.850560933000095831e-01
2.211279540086342532e+00
1.567604517871124425e+00
1.084853349104977882e+00
5.792111802349170224e-01
2.659738024873746554e+00
2.714882282748820597e+00
3.109786824177861453e-01
5.696438406661398224e-01
2.683482694298219062e+00
2.381966521294261785e+00
4.930727423367571305e-01
1.832145769245888456e+00
-3.065263498435053524e-01
1.107479836858187072e+00
2.602263201630935718e+00
9.159195073286565680e-01
1.511396223451528575e+00
2.081735807778582803e+00
1.751066025201189813e+00
1.962023756986744694e+00
8.805841623975281252e-01
-6.723180026519570696e-02
2.318667698698986257e+00
2.442814760828910359e+00
-2.631052248051948261e-01
4.321401909216842085e-01
2.322166778721413305e+00
-4.157970094322975818e-01
4.857649403166629520e-01
-4.645587485267488326e-02
