-1.611331105232238770e-02
-1.608629375696182251e-01
-2.853356115520000458e-02
2.383133023977279663e-02
4.375438392162322998e-02
1.647451519966125488e-01
1.305059995502233505e-02
-7.537855207920074463e-02
-1.171036884188652039e-01
-9.145829081535339355e-02
-7.869523018598556519e-02
-1.139137744903564453e-01
1.174353156238794327e-02
-7.777991890907287598e-02
1.012222096323966980e-01
5.649910867214202881e-02
-4.120164737105369568e-02
-1.057018190622329712e-01
-1.231536641716957092e-01
8.287241309881210327e-02
