-1.195378154516220093e-01
-7.396938651800155640e-02
-7.495237141847610474e-02
9.226587414741516113e-02
2.096097730100154877e-02
2.016774611547589302e-03
-5.030274018645286560e-02
1.761605031788349152e-02
-2.607105486094951630e-02
-9.514769539237022400e-03
-7.502818852663040161e-02
-3.814218565821647644e-02
-1.050971522927284241e-01
-2.043968290090560913e-01
-2.333139069378376007e-02
-1.513512581586837769e-01
6.726214196532964706e-03
-1.222844198346138000e-01
-4.820893704891204834e-02
-6.665901094675064087e-02
-3.670723875984549522e-03
-1.465598940849304199e-01
-1.797766834497451782e-01
5.877678468823432922e-02
-4.985819011926651001e-02
-1.398313511162996292e-02
-1.372134834527969360e-01
-5.297015979886054993e-02
-7.708256598562002182e-03
-1.423244923353195190e-01
5.102100968360900879e-02
3.937374334782361984e-03
7.887870818376541138e-02
5.985927954316139221e-02
-8.335935324430465698e-02
6.319563835859298706e-02
-1.099953800439834595e-02
-4.584864899516105652e-02
1.016469970345497131e-01
5.034084618091583252e-02
